NODE_45_length_9022_cov_14.675885	D2E9W8	0.325	218	36	0	0	54	0	218	3.446E-30	114
NODE_47_length_8877_cov_11.673486	O74173	0.400	214	45	0	0	76	0	214	2.315E-42	150
NODE_54_length_8713_cov_12.200093	P53946	0.265	681	87	0	0	119	0	681	2.548E-76	250
NODE_59_length_8335_cov_12.608187	Q7SEW2	0.663	178	38	0	0	115	0	178	1.824E-71	236
NODE_64_length_7993_cov_10.834859	C5FBW2	0.321	586	93	0	0	138	0	586	5.241E-91	294
NODE_70_length_7401_cov_14.280451	Q9URX1	0.679	203	42	0	0	132	0	203	3.091E-85	277
NODE_70_length_7401_cov_14.280451	Q9URX1	0.381	418	79	0	0	129	0	418	4.182E-83	271
NODE_72_length_7322_cov_13.772064	O60198	0.947	381	20	0	0	375	0	381	9.945E-248	760
NODE_73_length_7245_cov_15.289548	P10978	0.378	1325	252	0	0	406	0	1325	4.678E-274	837
NODE_79_length_7132_cov_13.453105	Q8NK92	0.512	393	83	0	0	172	0	393	6.044E-119	376
NODE_79_length_7132_cov_13.453105	Q8NK92	0.435	639	132	0	0	234	0	639	2.397E-158	494
NODE_21_length_11626_cov_14.375598	N1PA11	0.460	375	81	0	0	151	0	375	1.369E-97	314
NODE_22_length_11274_cov_14.152687	D7PI12	0.488	466	103	0	0	203	0	466	2.257E-133	420
NODE_22_length_11274_cov_14.152687	D7PI19	0.579	361	77	0	0	183	0	361	3.593E-128	404
NODE_22_length_11274_cov_14.152687	D7PI12	0.466	262	57	0	0	108	0	262	3.191E-67	224
NODE_24_length_11004_cov_14.363152	Q6PCN7	0.239	316	34	0	0	46	0	316	3.901E-25	99
NODE_28_length_10575_cov_14.598871	A0A4P8DJH6	0.793	157	24	0	0	116	0	157	1.024E-78	257
NODE_28_length_10575_cov_14.598871	G3Y416	0.982	250	4	0	0	245	0	250	3.697E-167	520
NODE_28_length_10575_cov_14.598871	E1ACQ6	0.810	196	31	0	0	165	0	196	2.270E-102	328
NODE_28_length_10575_cov_14.598871	E1ACQ6	0.450	316	66	0	0	121	0	316	1.793E-78	257
NODE_28_length_10575_cov_14.598871	E1ACQ6	0.342	436	78	0	0	119	0	436	5.000E-73	241
NODE_28_length_10575_cov_14.598871	E1ACR0	0.527	320	71	0	0	152	0	320	1.730E-99	319
NODE_28_length_10575_cov_14.598871	A0A1L9WLL5	0.845	44	5	0	0	34	0	44	1.175E-18	79
NODE_29_length_10554_cov_15.082190	Q00808	0.844	103	12	0	0	79	0	103	1.986E-53	182
NODE_31_length_10491_cov_13.222115	O75643	0.248	524	62	0	0	83	0	524	1.243E-49	171
NODE_34_length_10323_cov_13.799235	A0A024F910	0.135	5298	114	0	0	133	0	5298	2.959E-84	274
NODE_34_length_10323_cov_13.799235	A0A144KPJ6	0.541	438	96	0	0	211	0	438	9.352E-144	450
NODE_34_length_10323_cov_13.799235	Q4WD47	0.539	1074	251	0	0	546	0	1074	0.000E+00	1092
NODE_36_length_10188_cov_13.653514	Q4WHG0	0.577	780	191	0	0	452	0	780	1.445E-282	865
NODE_38_length_9753_cov_12.609183	A0A0R8YXT5	0.873	443	49	0	0	388	0	443	4.588E-263	805
NODE_38_length_9753_cov_12.609183	A0A2Z6FZX4	0.474	96	22	0	0	42	0	96	8.166E-21	86
NODE_44_length_9026_cov_15.454321	Q756H2	0.938	359	22	0	0	359	0	359	2.902E-230	708
NODE_44_length_9026_cov_15.454321	P42894	0.255	433	52	0	0	71	0	433	2.471E-42	150
NODE_44_length_9026_cov_15.454321	Q7SB51	0.697	526	110	0	0	363	0	526	4.455E-239	734
NODE_3910_length_557_cov_5.706977	Q2GV19	0.873	167	18	0	0	146	0	167	1.117E-94	305
NODE_3955_length_549_cov_7.225118	Q0CNX5	0.358	614	112	0	0	175	0	614	5.990E-114	362
NODE_3973_length_547_cov_5.823810	O94550	0.499	80	16	0	0	33	0	80	7.491E-18	77
NODE_4234_length_517_cov_2.500000	Q5AYR1	0.848	165	21	0	0	138	0	165	3.485E-90	291
NODE_4245_length_515_cov_10.958763	Q9P7W2	0.780	188	31	0	0	140	0	188	1.432E-93	301
NODE_4257_length_514_cov_7.979328	Q2GYB7	0.470	440	91	0	0	172	0	440	3.216E-119	377
NODE_4274_length_512_cov_9.781818	Q5AQL1	0.380	529	104	0	0	169	0	529	2.914E-106	340
NODE_4404_length_498_cov_4.024259	P55331	0.590	178	42	0	0	103	0	178	5.149E-61	205
NODE_4411_length_497_cov_7.089189	I1RV18	0.234	507	51	0	0	67	0	507	1.470E-42	150
NODE_4427_length_495_cov_4.896739	Q9JJL8	0.322	482	81	0	0	120	0	482	7.886E-74	243
NODE_4450_length_493_cov_3.972678	A0A0P1DJE3	0.983	53	1	0	0	50	0	53	9.949E-30	112
NODE_4475_length_491_cov_3.145604	A2QHV0	0.263	346	44	0	0	61	0	346	1.031E-34	127
NODE_4500_length_488_cov_13.044321	P55305	0.206	249	21	0	0	27	0	249	8.867E-12	59
NODE_4508_length_488_cov_0.764543	P41889	0.367	485	90	0	0	143	0	485	5.338E-92	297
NODE_4619_length_476_cov_8.286533	A2QHX0	0.218	431	39	0	0	51	0	431	2.714E-29	111
NODE_4630_length_475_cov_5.635057	P51862	0.376	648	127	0	0	204	0	648	6.293E-130	410
NODE_4633_length_475_cov_2.201149	Q4WI89	0.384	285	55	0	0	90	0	285	4.102E-55	188
NODE_4661_length_472_cov_6.417391	Q92412	0.446	392	85	0	0	155	0	392	1.210E-97	314
NODE_504_length_3238_cov_13.308904	A0A1B4XBI3	0.937	540	32	0	0	512	0	540	0.000E+00	1062
NODE_520_length_3187_cov_13.686275	Q9UV10	0.922	679	49	0	0	625	0	679	0.000E+00	1311
NODE_524_length_3179_cov_10.678899	Q9UV10	0.931	419	27	0	0	389	0	419	7.805E-268	818
NODE_543_length_3106_cov_14.459215	Q6G664	0.989	285	3	0	0	281	0	285	2.157E-193	597
NODE_543_length_3106_cov_14.459215	Q8D3K2	0.217	531	49	0	0	63	0	531	1.472E-37	136
NODE_552_length_3081_cov_13.195667	W7LUF3	0.940	424	24	0	0	406	0	424	3.414E-274	838
NODE_557_length_3068_cov_13.680721	Q9C3Y4	0.678	87	17	0	0	55	0	87	2.273E-32	120
NODE_568_length_3033_cov_13.732966	Q9CQ29	0.809	61	8	0	0	43	0	61	5.377E-27	104
NODE_581_length_2997_cov_13.043206	A0A384XR80	0.854	412	50	0	0	344	0	412	4.266E-238	730
NODE_589_length_2978_cov_11.361627	Q9LUL6	0.558	127	26	0	0	60	0	127	1.887E-38	138
NODE_706_length_2629_cov_13.964828	Q9UV10	0.954	669	29	0	0	639	0	669	0.000E+00	1343
NODE_734_length_2560_cov_9.902589	Q00808	0.940	241	13	0	0	219	0	241	4.843E-153	477
NODE_737_length_2553_cov_9.520198	B0BK71	0.603	512	114	0	0	289	0	512	3.465E-194	600
NODE_741_length_2542_cov_9.126294	O74113	0.828	573	84	0	0	492	0	573	2.703E-321	979
NODE_748_length_2528_cov_16.566431	S8B3I0	0.650	111	22	0	0	65	0	111	8.147E-41	145
NODE_751_length_2522_cov_13.565344	G4NAP4	0.364	476	85	0	0	134	0	476	4.922E-89	288
NODE_751_length_2522_cov_13.565344	T0JRM4	0.643	311	67	0	0	188	0	311	2.512E-125	396
NODE_754_length_2516_cov_12.520301	Q00808	0.675	241	49	0	0	151	0	241	7.700E-102	326
NODE_767_length_2488_cov_10.393901	Q00808	0.742	304	54	0	0	209	0	304	1.129E-146	458
NODE_772_length_2475_cov_12.646082	A0A0E4AET8	0.775	427	73	0	0	327	0	427	7.896E-220	676
NODE_777_length_2467_cov_11.325641	M2WJ74	0.943	106	6	0	0	106	0	106	2.766E-63	212
NODE_804_length_2413_cov_14.400700	O60260	0.374	455	78	0	0	126	0	455	1.617E-88	286
NODE_858_length_2307_cov_5.660092	P36605	0.986	204	3	0	0	203	0	204	1.058E-135	426
NODE_858_length_2307_cov_5.660092	P87170	1.000	202	0	0	0	197	0	202	9.595E-138	432
NODE_862_length_2300_cov_8.895996	Q00808	0.920	140	9	0	0	117	0	140	9.025E-84	272
NODE_873_length_2287_cov_10.747222	Q00808	0.905	151	12	0	0	126	0	151	4.572E-89	287
NODE_875_length_2283_cov_9.016698	Q98QU6	0.510	47	10	0	0	21	0	47	6.459E-08	48
NODE_1001_length_2102_cov_10.062785	Q00730	0.419	77	13	0	0	24	0	77	5.422E-12	60
NODE_1001_length_2102_cov_10.062785	Q30DW9	0.860	540	61	0	0	439	0	540	6.729E-317	963
NODE_1021_length_2064_cov_13.199277	Q0CPP9	0.186	265	16	0	0	21	0	265	1.311E-08	50
NODE_1041_length_2044_cov_7.844027	Q06169	0.585	411	91	0	0	221	0	411	1.287E-148	465
NODE_1043_length_2041_cov_9.820794	Q8TFN1	0.285	493	70	0	0	99	0	493	5.805E-61	205
NODE_1063_length_2010_cov_12.763675	P47173	0.331	341	56	0	0	85	0	341	6.923E-53	181
NODE_1075_length_1992_cov_9.073995	E9QY26	0.512	519	116	0	0	238	0	519	3.187E-159	496
NODE_1204_length_1826_cov_13.692172	O94256	0.573	90	18	0	0	44	0	90	2.771E-26	102
NODE_1220_length_1810_cov_10.029115	C8VC05	0.447	427	87	0	0	158	0	427	1.004E-107	343
NODE_1223_length_1808_cov_12.771565	A9CPT4	0.655	113	21	0	0	62	0	113	2.946E-42	149
NODE_1246_length_1785_cov_10.289505	Q2UH15	0.376	629	112	0	0	181	0	629	6.970E-126	397
NODE_1253_length_1780_cov_11.515426	P28040	0.151	796	27	0	0	33	0	796	3.673E-17	75
NODE_1262_length_1767_cov_12.294512	C8VTR6	0.167	549	29	0	0	36	0	549	1.125E-16	74
NODE_1269_length_1758_cov_13.877376	Q5BGA9	0.168	810	47	0	0	58	0	810	1.386E-28	109
NODE_1284_length_1745_cov_5.147713	Q66WM4	0.423	451	93	0	0	163	0	451	1.991E-105	337
NODE_3421_length_640_cov_1.079922	Q9HEV5	0.853	204	26	0	0	179	0	204	7.251E-114	362
NODE_3433_length_637_cov_3.311765	Q6YFE5	0.170	402	22	0	0	27	0	402	1.677E-11	59
NODE_3490_length_627_cov_5.920000	P31843	0.732	134	25	0	0	94	0	134	1.469E-59	201
NODE_4108_length_530_cov_9.550868	D4B5N6	0.553	96	25	0	0	56	0	96	1.061E-26	104
NODE_415_length_3512_cov_10.265288	O43052	0.659	365	75	0	0	221	0	365	5.327E-153	477
NODE_423_length_3494_cov_14.334719	A7BHQ9	0.588	103	19	0	0	48	0	103	2.168E-32	120
NODE_436_length_3415_cov_8.224453	Q9EQQ0	0.231	321	29	0	0	39	0	321	1.665E-23	94
NODE_436_length_3415_cov_8.224453	Q8X225	0.571	331	73	0	0	170	0	331	7.096E-115	364
NODE_437_length_3411_cov_12.200365	A0A3B1EFP9	0.730	116	22	0	0	81	0	116	2.312E-50	173
NODE_437_length_3411_cov_12.200365	Q47944	0.608	372	83	0	0	214	0	372	1.113E-140	441
NODE_452_length_3360_cov_15.971853	F4KGU4	0.352	1770	311	0	0	481	0	1770	0.000E+00	1012
NODE_478_length_3297_cov_11.135647	J4KLP6	0.828	172	24	0	0	139	0	172	1.134E-91	296
NODE_499_length_3246_cov_13.688362	Q9UV10	0.914	668	52	0	0	609	0	668	0.000E+00	1277
NODE_609_length_2920_cov_13.144647	Q9UV10	0.914	668	52	0	0	609	0	668	0.000E+00	1277
NODE_612_length_2913_cov_13.250179	Q8TFD4	0.881	374	39	0	0	330	0	374	2.511E-223	687
NODE_619_length_2895_cov_14.208454	P35134	0.711	146	28	0	0	99	0	146	5.064E-63	211
NODE_310_length_3980_cov_14.982870	A0A336U966	0.560	355	74	0	0	170	0	355	1.244E-120	381
NODE_310_length_3980_cov_14.982870	P0DUQ0	0.963	107	4	0	0	96	0	107	5.717E-66	219
NODE_315_length_3933_cov_12.883868	B0XMT4	0.153	472	18	0	0	22	0	472	2.634E-08	49
NODE_336_length_3843_cov_11.536060	Q9UQW6	0.516	395	96	0	0	199	0	395	1.929E-120	382
NODE_347_length_3792_cov_13.844202	D4AX63	0.810	174	27	0	0	143	0	174	4.436E-90	291
NODE_349_length_3790_cov_13.311766	Q00808	0.919	142	10	0	0	119	0	142	5.800E-85	275
NODE_355_length_3759_cov_14.368667	D3GE74	0.390	247	51	0	0	84	0	247	5.819E-48	167
NODE_368_length_3690_cov_13.020488	Q4WFS2	0.390	436	85	0	0	140	0	436	5.263E-90	291
NODE_391_length_3585_cov_12.190283	E4QP00	0.429	137	26	0	0	46	0	137	6.840E-28	107
NODE_397_length_3568_cov_9.358907	P87320	0.307	884	146	0	0	211	0	884	1.321E-130	412
NODE_406_length_3550_cov_12.209173	P40310	0.249	441	48	0	0	65	0	441	1.672E-41	147
NODE_630_length_2828_cov_13.084043	Q7XJS0	0.300	98	13	0	0	20	0	98	8.363E-08	48
NODE_646_length_2790_cov_11.688321	Q0UWT7	0.674	205	45	0	0	138	0	205	4.130E-85	277
NODE_646_length_2790_cov_11.688321	Q4IN63	0.273	255	35	0	0	49	0	255	6.803E-26	101
NODE_655_length_2762_cov_12.756357	Q10156	0.222	572	52	0	0	68	0	572	4.360E-43	152
NODE_657_length_2756_cov_15.063903	Q5B998	0.236	368	41	0	0	55	0	368	1.771E-29	112
NODE_666_length_2737_cov_10.736015	O94256	0.622	133	27	0	0	73	0	133	2.240E-47	164
NODE_667_length_2737_cov_10.393103	Q9HFE4	0.514	376	84	0	0	174	0	376	5.710E-114	362
NODE_668_length_2736_cov_11.979302	A6SNX1	0.205	603	51	0	0	65	0	603	1.187E-37	136
NODE_670_length_2724_cov_12.936850	S0ENH1	0.532	242	55	0	0	119	0	242	2.123E-74	245
NODE_673_length_2716_cov_12.868675	D4AT77	0.164	445	22	0	0	27	0	445	2.306E-11	58
NODE_2806_length_797_cov_9.764179	Q0E2Y1	0.171	364	17	0	0	21	0	364	3.931E-10	54
NODE_2810_length_796_cov_11.896861	P15710	0.187	577	37	0	0	46	0	577	1.290E-27	106
NODE_2828_length_792_cov_9.911278	P06208	0.572	500	113	0	0	265	0	500	3.735E-177	550
NODE_1102_length_1954_cov_10.479475	O59893	0.775	178	33	0	0	146	0	178	2.830E-87	284
NODE_1106_length_1948_cov_13.809445	C5FGX1	0.656	118	23	0	0	69	0	118	1.935E-44	156
NODE_1106_length_1948_cov_13.809445	C5FW30	0.292	357	49	0	0	70	0	357	2.035E-44	156
NODE_1120_length_1932_cov_5.482548	Q5B5X8	0.599	44	9	0	0	23	0	44	4.426E-10	54
NODE_1167_length_1874_cov_11.087579	A1CP08	0.510	478	105	0	0	216	0	478	2.695E-145	455
NODE_1168_length_1872_cov_13.536390	B8N7G5	0.963	155	5	0	0	146	0	155	1.180E-98	316
NODE_1168_length_1872_cov_13.536390	P15828	0.296	207	28	0	0	41	0	207	1.350E-23	94
NODE_1185_length_1857_cov_10.465896	Q5B934	0.170	814	42	0	0	51	0	814	5.559E-30	113
NODE_1191_length_1850_cov_8.634359	Q4WU59	0.386	599	117	0	0	191	0	599	1.924E-124	393
NODE_2445_length_923_cov_15.968593	Q9P7G4	0.729	234	45	0	0	168	0	234	1.299E-108	346
NODE_2464_length_919_cov_5.613636	Q0UDH1	0.454	313	68	0	0	126	0	313	1.215E-78	258
NODE_2624_length_865_cov_5.113821	Q4WI16	0.381	501	103	0	0	167	0	501	1.102E-100	323
NODE_2630_length_863_cov_6.442935	P0CL21	0.237	348	37	0	0	50	0	348	1.159E-27	106
NODE_2643_length_860_cov_5.386085	O59737	0.596	417	93	0	0	231	0	417	1.421E-154	482
NODE_2649_length_858_cov_3.024624	Q5ZNB1	0.874	287	32	0	0	256	0	287	3.644E-168	523
NODE_2662_length_853_cov_8.860882	P38880	0.480	501	108	0	0	209	0	501	8.773E-141	441
NODE_2665_length_851_cov_9.660221	Q92457	0.219	503	47	0	0	61	0	503	1.121E-35	130
NODE_2665_length_851_cov_9.660221	Q9UUZ4	0.226	578	54	0	0	71	0	578	1.240E-45	159
NODE_2684_length_843_cov_8.307263	A0A2Z5XAK5	0.160	480	22	0	0	27	0	480	3.172E-11	58
NODE_2687_length_842_cov_15.542657	Q4WUJ6	0.383	242	47	0	0	77	0	242	1.677E-45	159
NODE_692_length_2661_cov_11.188240	Q8R966	0.818	169	26	0	0	144	0	169	2.057E-88	287
NODE_920_length_2218_cov_14.478240	Q00808	0.940	241	13	0	0	219	0	241	4.843E-153	477
NODE_933_length_2197_cov_11.967150	P0CG68	0.866	56	7	0	0	52	0	56	1.628E-26	103
NODE_933_length_2197_cov_11.967150	Q8SWD4	0.933	58	4	0	0	58	0	58	8.676E-31	116
NODE_935_length_2194_cov_13.800677	Q30DW8	0.828	396	55	0	0	321	0	396	3.169E-220	677
NODE_962_length_2161_cov_13.477876	Q54CX4	0.349	848	136	0	0	210	0	848	8.914E-154	479
NODE_966_length_2157_cov_4.718227	Q02959	0.820	454	65	0	0	362	0	454	9.899E-251	767
NODE_980_length_2133_cov_11.561316	Q91YE3	0.825	76	10	0	0	59	0	76	2.850E-36	132
NODE_992_length_2109_cov_12.494450	P40100	0.243	284	37	0	0	50	0	284	1.459E-22	92
NODE_998_length_2105_cov_9.725986	A6QTW5	0.219	574	56	0	0	73	0	574	1.331E-41	148
NODE_2748_length_819_cov_6.054913	D4AMT2	0.610	451	101	0	0	260	0	451	7.099E-173	537
NODE_2765_length_812_cov_8.629197	P38156	0.344	367	63	0	0	97	0	367	2.795E-61	206
NODE_2775_length_807_cov_8.889706	G0SCU5	0.158	435	19	0	0	24	0	435	8.282E-09	51
NODE_2793_length_801_cov_6.681009	Q9UR24	0.499	344	74	0	0	149	0	344	1.092E-99	319
NODE_3111_length_707_cov_2.670690	P53134	0.466	465	105	0	0	198	0	465	1.958E-124	394
NODE_3159_length_697_cov_6.789474	P56216	0.393	148	29	0	0	49	0	148	2.626E-26	102
NODE_3159_length_697_cov_6.789474	P56216	0.297	188	27	0	0	39	0	188	6.951E-21	86
NODE_3159_length_697_cov_6.789474	P56216	0.240	214	21	0	0	29	0	214	4.770E-15	69
NODE_3187_length_689_cov_0.916370	P02382	0.434	405	90	0	0	160	0	405	2.890E-97	313
NODE_3193_length_686_cov_9.059034	Q9P6Q3	0.528	381	86	0	0	183	0	381	5.985E-120	380
NODE_2404_length_942_cov_7.569325	O60084	0.406	416	83	0	0	141	0	416	6.059E-91	294
NODE_2414_length_937_cov_4.787654	A0A4P8GEA3	0.789	114	17	0	0	83	0	114	7.478E-55	186
NODE_2424_length_933_cov_4.671216	P32501	0.694	66	13	0	0	45	0	66	1.215E-23	94
NODE_1307_length_1717_cov_10.725157	O94528	0.715	241	48	0	0	169	0	241	2.814E-109	348
NODE_1326_length_1703_cov_7.196066	Q9Y7Q6	0.486	123	24	0	0	48	0	123	6.525E-30	113
NODE_1345_length_1680_cov_12.596909	Q2U4L7	0.545	503	114	0	0	252	0	503	2.000E-167	521
NODE_1352_length_1674_cov_10.944409	P32381	0.278	391	51	0	0	72	0	391	4.626E-45	158
NODE_1353_length_1673_cov_7.294308	O94521	0.975	153	4	0	0	150	0	153	1.044E-98	317
NODE_1353_length_1673_cov_7.294308	A2XRZ0	0.499	292	65	0	0	131	0	292	1.303E-83	272
NODE_1372_length_1650_cov_14.987525	Q12558	0.353	685	123	0	0	191	0	685	7.469E-125	394
NODE_1372_length_1650_cov_14.987525	P56526	0.189	746	49	0	0	61	0	746	1.447E-38	138
NODE_1372_length_1650_cov_14.987525	P56526	0.250	882	104	0	0	139	0	882	2.667E-90	292
NODE_1373_length_1650_cov_9.571241	Q0UUE2	0.801	652	107	0	0	541	0	652	0.000E+00	1071
NODE_1374_length_1648_cov_12.462196	B8G643	0.600	276	66	0	0	166	0	276	1.441E-100	323
NODE_1398_length_1623_cov_10.511364	I1RNL0	0.578	461	100	0	0	238	0	461	4.117E-165	513
NODE_1398_length_1623_cov_10.511364	I1RNL0	0.199	498	38	0	0	49	0	498	2.074E-27	106
NODE_1504_length_1534_cov_16.172708	P83876	0.354	142	25	0	0	39	0	142	1.312E-20	85
NODE_1555_length_1486_cov_7.194996	P87242	0.945	183	10	0	0	178	0	183	5.539E-115	365
NODE_1576_length_1470_cov_13.440804	Q04894	0.956	60	2	0	0	51	0	60	2.008E-33	123
NODE_1591_length_1458_cov_10.873028	Q05493	0.260	414	55	0	0	75	0	414	7.811E-42	149
NODE_1750_length_1332_cov_0.412448	P15582	0.322	469	79	0	0	117	0	469	1.466E-71	237
NODE_1759_length_1321_cov_6.940536	P33520	0.315	258	39	0	0	58	0	258	4.688E-35	128
NODE_1767_length_1314_cov_6.907329	G0S4F3	0.728	579	113	0	0	417	0	579	1.743E-278	851
NODE_1776_length_1308_cov_3.773920	Q7RTV0	0.432	105	19	0	0	35	0	105	5.172E-20	83
NODE_1817_length_1279_cov_5.305556	A0A0F7GG06	0.323	656	110	0	0	164	0	656	1.733E-103	331
NODE_1849_length_1258_cov_7.874447	Q10914	0.135	651	12	0	0	15	0	651	2.452E-04	37
NODE_1859_length_1249_cov_10.148841	A1CBC9	0.381	814	160	0	0	259	0	814	4.198E-168	523
NODE_1859_length_1249_cov_10.148841	Q1DKI1	0.216	532	102	0	0	131	0	532	1.017E-35	134
NODE_1875_length_1239_cov_6.374101	D4AMT2	0.377	797	144	0	0	232	0	797	4.370E-162	504
NODE_1879_length_1238_cov_6.480648	Q9P7W5	0.555	318	72	0	0	163	0	318	1.059E-105	338
NODE_1891_length_1228_cov_8.576748	O60078	0.469	391	85	0	0	162	0	391	1.261E-104	334
NODE_1910_length_1215_cov_8.398897	P14742	0.779	51	9	0	0	41	0	51	5.208E-20	84
NODE_1915_length_1212_cov_6.052535	Q01554	0.574	55	13	0	0	32	0	55	3.539E-13	64
NODE_1917_length_1209_cov_8.239372	G0SBS8	0.621	549	127	0	0	335	0	549	2.214E-216	667
NODE_1936_length_1199_cov_7.513060	Q9Y8H3	0.255	684	80	0	0	109	0	684	3.509E-71	235
NODE_1944_length_1194_cov_7.277413	Q4WJJ0	0.193	503	33	0	0	42	0	503	1.218E-25	100
NODE_1973_length_1170_cov_6.130393	Q12001	0.953	207	9	0	0	189	0	207	1.442E-132	417
NODE_1996_length_1151_cov_3.567383	Q96VK3	0.478	370	79	0	0	152	0	370	1.108E-101	325
NODE_2108_length_1086_cov_11.265902	C5GVJ9	0.330	473	78	0	0	118	0	473	1.178E-75	248
NODE_2129_length_1073_cov_7.577167	A0A1B4XBH0	0.794	66	11	0	0	52	0	66	7.404E-29	110
NODE_2129_length_1073_cov_7.577167	C8V7P3	0.557	146	31	0	0	71	0	146	4.398E-45	158
NODE_4030_length_539_cov_7.322816	P38318	0.617	346	79	0	0	207	0	346	7.030E-133	419
NODE_4032_length_539_cov_0.245146	Q5AQL1	0.531	370	83	0	0	178	0	370	4.874E-117	371
NODE_4041_length_538_cov_4.141119	P32837	0.394	427	85	0	0	141	0	427	2.678E-89	289
NODE_4086_length_533_cov_4.583744	B8NDZ1	0.558	336	77	0	0	175	0	336	3.978E-113	360
NODE_1415_length_1613_cov_9.102961	Q4IPC8	0.831	255	35	0	0	206	0	255	6.918E-140	439
NODE_1423_length_1602_cov_11.284068	A6RNR4	0.563	220	53	0	0	122	0	220	2.806E-72	239
NODE_1436_length_1591_cov_14.439891	Q6C5V7	0.338	272	39	0	0	60	0	272	1.937E-42	149
NODE_1440_length_1590_cov_8.637047	Q10138	0.431	414	84	0	0	148	0	414	9.480E-99	317
NODE_1442_length_1589_cov_4.263338	Q10264	0.425	303	59	0	0	104	0	303	5.911E-69	228
NODE_1466_length_1563_cov_8.938022	P32904	0.313	214	33	0	0	49	0	214	2.074E-27	106
NODE_1601_length_1451_cov_8.416918	Q5B0W8	0.158	615	24	0	0	29	0	615	3.470E-15	69
NODE_1638_length_1418_cov_11.814872	P36611	0.825	58	8	0	0	49	0	58	6.803E-26	101
NODE_1651_length_1405_cov_6.357590	P0C8Q0	0.251	372	43	0	0	59	0	372	2.407E-34	126
NODE_1677_length_1380_cov_8.086193	O60070	0.518	620	135	0	0	281	0	620	1.732E-194	601
NODE_1686_length_1370_cov_13.479485	O74736	0.293	295	35	0	0	51	0	295	6.689E-36	130
NODE_3606_length_606_cov_2.459290	P19145	0.294	476	73	0	0	104	0	476	4.313E-62	209
NODE_3614_length_604_cov_6.062893	P53236	0.370	558	96	0	0	154	0	558	1.707E-108	345
NODE_3640_length_599_cov_11.372881	P21228	0.280	274	36	0	0	51	0	274	5.559E-30	113
NODE_3652_length_597_cov_2.902128	A7EV21	0.590	353	81	0	0	198	0	353	3.917E-128	404
NODE_3673_length_594_cov_4.817987	P24773	0.323	728	125	0	0	186	0	728	1.221E-115	368
NODE_3720_length_587_cov_3.289130	Q0CB82	0.403	133	26	0	0	45	0	133	4.689E-24	96
NODE_3720_length_587_cov_3.289130	Q0CB82	0.729	89	16	0	0	60	0	89	6.154E-37	134
NODE_3724_length_586_cov_8.250545	Q874Z5	0.195	346	25	0	0	32	0	346	6.084E-16	72
NODE_3765_length_579_cov_5.803097	Q5BFT5	0.449	472	103	0	0	188	0	472	2.151E-120	381
NODE_3780_length_576_cov_8.561247	Q0US25	0.449	486	103	0	0	188	0	486	3.134E-124	392
NODE_3781_length_576_cov_6.643653	Q5XI59	0.294	280	37	0	0	54	0	280	6.606E-34	124
NODE_3787_length_575_cov_9.669643	Q6J256	0.991	72	1	0	0	71	0	72	1.963E-43	153
NODE_2970_length_742_cov_0.362602	Q3BAI2	0.953	58	3	0	0	57	0	58	8.958E-32	119
NODE_2985_length_738_cov_2.818331	Q9Y7R3	0.174	445	22	0	0	28	0	445	8.519E-15	68
NODE_2995_length_735_cov_9.985197	Q9Z7S9	0.226	142	14	0	0	19	0	142	4.986E-06	42
NODE_3000_length_733_cov_8.750825	Q08822	0.194	631	42	0	0	53	0	631	6.272E-34	124
NODE_3007_length_731_cov_3.877483	Q9C1X2	0.249	467	53	0	0	71	0	467	4.032E-44	155
NODE_3007_length_731_cov_3.877483	Q9C1X2	0.535	338	78	0	0	168	0	338	1.623E-107	343
NODE_3045_length_721_cov_9.713805	Q0CI21	0.388	227	42	0	0	69	0	227	3.342E-43	152
NODE_3045_length_721_cov_9.713805	Q0CI21	0.468	378	78	0	0	148	0	378	6.070E-101	323
NODE_3051_length_720_cov_5.686341	O13963	0.629	362	83	0	0	225	0	362	8.798E-143	448
NODE_3083_length_714_cov_12.275980	P0CU76	0.965	57	2	0	0	57	0	57	1.230E-31	118
NODE_3094_length_712_cov_6.981197	D4B0V1	0.706	303	60	0	0	205	0	303	3.623E-137	431
NODE_3522_length_619_cov_10.971545	Q4H425	0.720	262	54	0	0	195	0	262	2.188E-120	382
NODE_3532_length_618_cov_8.097760	A0A144Y7G4	0.736	219	43	0	0	165	0	219	2.270E-102	328
NODE_3540_length_616_cov_7.736196	Q756B7	0.275	513	70	0	0	98	0	513	9.509E-60	201
NODE_3542_length_616_cov_6.257669	Q0UHC4	0.687	297	61	0	0	197	0	297	8.477E-130	409
NODE_3201_length_684_cov_10.739677	Q92444	0.536	423	93	0	0	202	0	423	1.109E-136	429
NODE_3211_length_681_cov_11.205776	A0A4P8GEE8	0.871	36	4	0	0	30	0	36	1.311E-14	68
NODE_3216_length_680_cov_11.267631	A5UQR2	0.408	155	34	0	0	59	0	155	1.154E-29	113
NODE_3226_length_679_cov_2.565217	Q09744	0.549	373	86	0	0	192	0	373	1.837E-123	391
NODE_3245_length_675_cov_6.868613	Q40153	0.408	456	86	0	0	146	0	456	2.930E-101	324
NODE_3287_length_667_cov_4.601852	Q5B0F4	0.291	551	80	0	0	114	0	551	6.732E-72	237
NODE_3287_length_667_cov_4.601852	B8NMR5	0.227	627	62	0	0	81	0	627	1.685E-50	174
NODE_3295_length_665_cov_5.736059	A0A0B4GDU5	0.476	532	114	0	0	218	0	532	2.874E-148	464
NODE_3350_length_652_cov_2.859048	M3A326	0.192	1354	99	0	0	123	0	1354	1.441E-78	257
NODE_3350_length_652_cov_2.859048	A0A411PQP9	0.159	1457	66	0	0	79	0	1457	2.022E-46	162
NODE_5530_length_409_cov_3.673759	O13810	0.613	227	51	0	0	134	0	227	4.259E-84	274
NODE_5563_length_407_cov_0.507143	Q64521	0.513	274	61	0	0	127	0	274	4.332E-81	265
NODE_5575_length_406_cov_1.290323	Q00258	0.484	189	41	0	0	81	0	189	2.118E-49	171
NODE_5705_length_400_cov_0.714286	P36062	0.320	524	90	0	0	134	0	524	4.042E-80	262
NODE_3825_length_569_cov_1.744344	Q01IJ3	0.423	470	97	0	0	169	0	470	5.808E-110	350
NODE_3830_length_568_cov_5.036281	Q03311	0.272	223	28	0	0	39	0	223	1.420E-21	88
NODE_3837_length_566_cov_10.357631	I1S2J6	0.338	330	51	0	0	78	0	330	9.184E-53	180
NODE_3857_length_565_cov_0.187215	P37247	0.929	156	11	0	0	156	0	156	9.601E-95	306
NODE_3905_length_557_cov_12.918605	O14187	0.134	1543	29	0	0	34	0	1543	3.050E-18	78
NODE_3905_length_557_cov_12.918605	Q9SSD2	0.138	1580	36	0	0	43	0	1580	3.070E-24	96
NODE_4788_length_460_cov_9.120120	E9CXX8	0.393	391	75	0	0	124	0	391	3.744E-81	265
NODE_4789_length_460_cov_9.117117	Q0TZA1	0.415	384	77	0	0	133	0	384	2.594E-86	280
NODE_4797_length_459_cov_12.153614	Q2U4L7	0.577	129	28	0	0	68	0	129	5.036E-41	146
NODE_5203_length_430_cov_0.316832	Q4WXY0	0.188	1364	100	0	0	124	0	1364	2.706E-74	245
NODE_5228_length_428_cov_2.614618	S0E028	0.418	411	83	0	0	144	0	411	1.268E-93	302
NODE_5257_length_426_cov_1.458194	Q4WFS2	0.473	123	29	0	0	56	0	123	1.717E-28	109
NODE_5280_length_425_cov_0.174497	O28007	0.652	96	21	0	0	60	0	96	1.845E-34	126
NODE_5291_length_424_cov_0.734007	P61951	0.960	146	5	0	0	135	0	146	3.623E-92	297
NODE_5294_length_424_cov_0.397306	Q72NU6	0.600	147	33	0	0	83	0	147	1.862E-50	174
NODE_2025_length_1136_cov_13.952428	A0A0B5LB52	0.806	422	63	0	0	328	0	422	1.305E-227	699
NODE_2548_length_889_cov_5.157480	O94316	0.556	532	121	0	0	273	0	532	6.417E-182	564
NODE_2552_length_888_cov_3.968463	A7EC69	0.555	554	128	0	0	288	0	554	2.045E-189	586
NODE_2595_length_873_cov_4.383378	Q5BB40	0.309	469	70	0	0	102	0	469	8.414E-67	222
NODE_4811_length_458_cov_10.111782	Q4WDD0	0.950	21	1	0	0	21	0	21	1.143E-06	44
NODE_4836_length_456_cov_3.851064	P13587	0.175	814	51	0	0	63	0	814	5.116E-33	123
NODE_4852_length_455_cov_4.621951	Q4WVM1	0.317	493	85	0	0	126	0	493	1.446E-73	243
NODE_4857_length_455_cov_2.335366	Q0UY70	0.373	496	95	0	0	152	0	496	1.795E-96	310
NODE_4864_length_454_cov_8.819572	P32795	0.313	636	103	0	0	151	0	636	5.510E-95	306
NODE_4876_length_453_cov_3.757669	O94296	0.373	408	78	0	0	125	0	408	4.095E-78	256
NODE_4898_length_451_cov_2.722222	Q870W1	0.273	688	101	0	0	140	0	688	2.292E-81	266
NODE_84_length_6864_cov_12.003562	P38989	0.836	583	87	0	0	534	0	583	0.000E+00	1007
NODE_95_length_6577_cov_14.047132	Q8NIN9	0.891	105	10	0	0	97	0	105	2.932E-58	197
NODE_98_length_6406_cov_13.485109	P53134	0.331	699	116	0	0	174	0	699	1.775E-115	366
NODE_100_length_6378_cov_11.933931	Q00808	1.000	146	0	0	0	146	0	146	4.837E-103	329
NODE_104_length_6342_cov_13.263234	P53318	0.282	425	142	0	0	199	0	425	1.411E-48	175
NODE_104_length_6342_cov_13.263234	Q00808	0.810	79	11	0	0	57	0	79	3.842E-37	134
NODE_105_length_6289_cov_173.701071	P0CT41	0.722	1255	245	0	0	884	0	1255	0.000E+00	1824
NODE_109_length_6146_cov_31.438943	Q01554	0.851	74	11	0	0	74	0	74	2.354E-36	133
NODE_109_length_6146_cov_31.438943	P00402	0.670	142	32	0	0	97	0	142	2.452E-56	192
NODE_109_length_6146_cov_31.438943	P00402	0.332	225	39	0	0	59	0	225	1.079E-32	121
NODE_109_length_6146_cov_31.438943	P00402	0.254	275	36	0	0	49	0	275	4.214E-24	96
NODE_109_length_6146_cov_31.438943	P03945	0.252	292	37	0	0	50	0	292	1.352E-25	100
NODE_109_length_6146_cov_31.438943	Q6X9S4	1.000	29	0	0	0	29	0	29	3.220E-14	66
NODE_109_length_6146_cov_31.438943	O48334	0.615	75	17	0	0	45	0	75	4.328E-23	93
NODE_109_length_6146_cov_31.438943	Q35128	0.395	113	22	0	0	37	0	113	1.384E-18	79
NODE_109_length_6146_cov_31.438943	Q6X9S4	0.434	273	60	0	0	107	0	273	2.117E-63	213
NODE_109_length_6146_cov_31.438943	Q6X9S4	0.337	382	71	0	0	108	0	382	1.856E-61	207
NODE_109_length_6146_cov_31.438943	P00411	0.667	51	11	0	0	33	0	51	1.670E-15	70
NODE_109_length_6146_cov_31.438943	P00411	0.406	83	17	0	0	30	0	83	1.555E-12	62
NODE_109_length_6146_cov_31.438943	P13588	0.361	122	24	0	0	38	0	122	2.557E-17	76
NODE_109_length_6146_cov_31.438943	P00411	0.524	245	57	0	0	120	0	245	7.886E-74	243
NODE_109_length_6146_cov_31.438943	P19041	0.882	103	12	0	0	103	0	103	4.511E-56	191
NODE_109_length_6146_cov_31.438943	P19041	0.312	180	34	0	0	51	0	180	1.420E-21	89
NODE_109_length_6146_cov_31.438943	P08774	0.284	233	36	0	0	51	0	233	5.070E-25	99
NODE_116_length_5968_cov_11.643383	O60066	0.245	158	15	0	0	21	0	158	5.407E-10	54
NODE_117_length_5952_cov_14.116223	Q9URY4	0.740	388	73	0	0	283	0	388	3.780E-188	582
NODE_122_length_5794_cov_13.098288	O13842	0.933	56	3	0	0	52	0	56	1.516E-29	112
NODE_145_length_5469_cov_12.274242	Q9UTD6	0.433	367	78	0	0	138	0	367	2.642E-87	283
NODE_152_length_5397_cov_14.546300	Q8R151	0.186	648	46	0	0	58	0	648	6.319E-31	116
NODE_159_length_5322_cov_11.665640	Q3URE1	0.304	572	88	0	0	128	0	572	6.236E-81	264
NODE_168_length_5239_cov_14.440141	O14255	0.989	805	9	0	0	797	0	805	0.000E+00	1681
NODE_178_length_5122_cov_15.058258	Q4WR83	0.820	577	85	0	0	474	0	577	2.728E-320	975
NODE_178_length_5122_cov_15.058258	A8NS27	0.340	824	146	0	0	222	0	824	5.569E-143	449
NODE_179_length_5114_cov_15.028073	O59714	0.581	505	114	0	0	272	0	505	9.233E-183	566
NODE_179_length_5114_cov_15.028073	P40113	0.441	288	65	0	0	117	0	288	1.116E-68	228
NODE_185_length_5083_cov_14.233858	P34101	0.453	448	93	0	0	171	0	448	2.889E-115	366
NODE_188_length_5000_cov_13.755387	D4AJR9	1.000	273	0	0	0	266	0	273	3.495E-189	584
NODE_199_length_4869_cov_12.443062	O42636	0.608	266	57	0	0	147	0	266	9.033E-99	317
NODE_211_length_4727_cov_13.179130	P14187	0.548	341	75	0	0	167	0	341	4.640E-112	356
NODE_220_length_4643_cov_14.358725	P41391	0.696	344	72	0	0	238	0	344	6.988E-154	481
NODE_241_length_4484_cov_13.058067	Q5AUN2	0.260	349	46	0	0	63	0	349	2.953E-34	126
NODE_241_length_4484_cov_13.058067	Q5AUN2	0.417	608	125	0	0	215	0	608	3.305E-141	443
NODE_254_length_4367_cov_12.083019	Q8GY31	0.648	128	27	0	0	77	0	128	5.631E-48	166
NODE_265_length_4291_cov_12.693564	A7EWH6	0.334	615	109	0	0	164	0	615	5.578E-102	327
NODE_282_length_4139_cov_12.330508	A1DJQ7	0.325	223	38	0	0	57	0	223	4.371E-31	117
NODE_282_length_4139_cov_12.330508	B0XWL3	0.563	454	99	0	0	227	0	454	2.936E-157	490
NODE_285_length_4120_cov_11.769597	Q8WZM0	0.402	462	91	0	0	154	0	462	2.090E-100	322
NODE_286_length_4103_cov_13.080734	Q0DXS3	0.667	556	119	0	0	359	0	556	5.576E-240	736
NODE_291_length_4068_cov_14.294342	Q9Y7Q9	0.671	191	40	0	0	122	0	191	1.372E-78	257
NODE_291_length_4068_cov_14.294342	Q09852	0.598	446	102	0	0	254	0	446	1.998E-166	518
NODE_291_length_4068_cov_14.294342	Q09852	0.262	537	66	0	0	91	0	537	3.753E-57	194
NODE_302_length_3999_cov_13.178719	Q5B8A1	0.438	427	93	0	0	166	0	427	2.871E-104	334
NODE_308_length_3982_cov_13.423087	P9WF02	0.510	397	91	0	0	186	0	397	2.440E-119	378
NODE_308_length_3982_cov_13.423087	Q23571	0.706	77	16	0	0	55	0	77	1.771E-29	112
NODE_308_length_3982_cov_13.423087	P11178	0.563	454	104	0	0	240	0	454	5.441E-157	490
NODE_5182_length_431_cov_0.565789	Q0SN26	0.400	254	49	0	0	83	0	254	1.080E-51	177
NODE_5197_length_430_cov_2.161716	Q8TFZ1	0.304	468	79	0	0	115	0	468	1.817E-64	216
NODE_5349_length_421_cov_0.591837	Q01373	0.160	461	21	0	0	26	0	461	2.788E-10	55
NODE_5383_length_419_cov_3.845890	G0R6T3	0.872	80	9	0	0	71	0	80	1.652E-41	147
NODE_5390_length_418_cov_7.494845	Q9USP8	0.564	264	60	0	0	139	0	264	1.179E-88	287
NODE_5401_length_417_cov_11.965517	Q9SR79	0.367	364	62	0	0	99	0	364	1.494E-67	224
NODE_5431_length_415_cov_11.548611	Q7MZE1	0.823	150	23	0	0	132	0	150	4.188E-78	256
NODE_5459_length_414_cov_0.463415	G4N7X0	0.595	162	38	0	0	94	0	162	1.411E-55	189
NODE_5472_length_413_cov_0.353147	L0E2V1	0.809	136	21	0	0	109	0	136	7.555E-69	228
NODE_5481_length_411_cov_11.066901	Q70DX9	0.224	348	32	0	0	42	0	348	3.998E-24	96
NODE_5482_length_411_cov_10.989437	Q8X0S4	0.353	127	21	0	0	33	0	127	1.415E-17	76
NODE_5495_length_411_cov_0.683099	Q36918	0.601	219	54	0	0	137	0	219	2.065E-78	258
NODE_4366_length_502_cov_0.546667	Q01556	0.796	43	7	0	0	34	0	43	2.617E-16	73
NODE_4371_length_501_cov_4.451872	Q0CQ54	0.567	313	69	0	0	160	0	313	3.906E-107	342
NODE_4378_length_500_cov_5.233244	A0A4V1DXC3	0.296	245	32	0	0	47	0	245	3.023E-29	111
NODE_4383_length_499_cov_8.467742	P0CU67	0.153	1175	47	0	0	56	0	1175	2.783E-30	114
NODE_4724_length_466_cov_2.153392	Q9ZNN8	0.423	215	46	0	0	81	0	215	1.628E-46	162
NODE_4729_length_465_cov_9.491124	Q5B8X6	0.733	180	38	0	0	143	0	180	2.903E-82	269
NODE_4751_length_464_cov_1.824926	Q0V3R6	0.311	484	81	0	0	119	0	484	5.217E-70	232
NODE_4764_length_463_cov_1.797619	P43567	0.555	299	67	0	0	151	0	299	3.099E-99	318
NODE_4766_length_463_cov_0.693452	A6LPU6	0.963	63	2	0	0	63	0	63	1.242E-35	130
NODE_2040_length_1129_cov_5.860279	Q11119	0.480	237	48	0	0	93	0	237	5.163E-63	211
NODE_2040_length_1129_cov_5.860279	P56399	0.545	540	124	0	0	273	0	540	3.866E-180	559
NODE_2068_length_1114_cov_7.894630	E5DG73	0.400	519	109	0	0	183	0	519	2.058E-112	358
NODE_2069_length_1114_cov_4.217832	O14249	0.444	417	85	0	0	154	0	417	7.818E-104	332
NODE_2245_length_1017_cov_7.383146	Q0UVG7	0.601	506	117	0	0	295	0	506	6.470E-191	591
NODE_2265_length_1008_cov_6.009081	P49426	0.558	617	144	0	0	326	0	617	2.798E-213	657
NODE_2275_length_1003_cov_5.138128	P00908	0.698	449	95	0	0	317	0	449	2.467E-203	628
NODE_2353_length_966_cov_12.410012	Q58EK5	0.466	120	22	0	0	43	0	120	3.915E-27	104
NODE_2368_length_961_cov_6.907674	Q9P6L7	0.430	361	75	0	0	132	0	361	5.813E-85	276
NODE_2532_length_896_cov_12.451235	Q5RBD5	0.195	422	31	0	0	40	0	422	7.336E-21	86
NODE_5601_length_405_cov_0.654676	Q4WVF4	0.911	120	10	0	0	110	0	120	1.191E-69	231
NODE_5625_length_404_cov_0.418773	Q31TK0	0.267	774	97	0	0	134	0	774	4.922E-89	288
NODE_5647_length_402_cov_13.596364	Q9Y6F8	0.968	58	2	0	0	54	0	58	1.572E-32	121
NODE_5660_length_402_cov_3.752727	O35643	0.469	307	71	0	0	134	0	307	1.143E-80	264
NODE_5667_length_402_cov_0.345455	Q8CDU6	0.278	664	90	0	0	125	0	664	3.931E-81	265
NODE_5683_length_401_cov_3.324818	Q0CTN3	0.254	262	30	0	0	41	0	262	6.602E-23	92
NODE_5685_length_401_cov_0.748175	P13586	0.324	387	70	0	0	105	0	387	1.680E-58	198
NODE_5695_length_400_cov_7.487179	Q6MZM0	0.292	433	59	0	0	84	0	433	1.617E-55	188
NODE_5699_length_400_cov_5.164835	Q12109	0.421	315	64	0	0	112	0	315	5.575E-71	235
NODE_4902_length_451_cov_0.750000	P47169	0.200	1440	109	0	0	137	0	1440	6.005E-93	299
NODE_5029_length_442_cov_0.422222	Q47149	0.958	92	4	0	0	87	0	92	3.535E-55	188
NODE_5041_length_440_cov_7.792332	Q12553	0.162	1363	66	0	0	80	0	1363	2.917E-46	162
NODE_5064_length_439_cov_1.003205	A7LXT8	0.271	226	27	0	0	38	0	226	7.128E-22	89
NODE_5076_length_438_cov_2.302251	Q09746	0.394	326	62	0	0	103	0	326	1.212E-66	222
NODE_5077_length_438_cov_1.366559	B0YB65	0.255	686	83	0	0	113	0	686	3.112E-71	235
NODE_5085_length_437_cov_8.093548	A0A364LXP7	0.276	324	43	0	0	60	0	324	1.463E-35	130
NODE_5309_length_423_cov_1.239865	Q99148	0.611	202	47	0	0	123	0	202	1.251E-73	243
NODE_5312_length_423_cov_0.185811	A3MZA2	0.643	226	49	0	0	139	0	226	4.573E-89	288
NODE_5344_length_421_cov_5.806122	P72231	0.814	49	7	0	0	38	0	49	2.347E-20	85
NODE_5347_length_421_cov_1.734694	E4ZHQ5	0.330	387	64	0	0	96	0	387	1.773E-60	203
NODE_4947_length_447_cov_6.881250	P11803	0.453	314	68	0	0	125	0	314	1.158E-78	258
NODE_4988_length_445_cov_0.374214	A6H4Q6	0.240	158	19	0	0	26	0	158	3.577E-09	52
NODE_4988_length_445_cov_0.374214	P00402	0.254	275	36	0	0	49	0	275	4.214E-24	96
NODE_4994_length_444_cov_8.914826	Q4X0Z7	0.307	648	102	0	0	148	0	648	8.174E-94	302
NODE_5128_length_434_cov_3.475570	C7YHA8	0.544	200	44	0	0	97	0	200	3.058E-62	209
NODE_5135_length_433_cov_9.245098	Q00808	0.652	177	35	0	0	103	0	177	1.159E-69	230
NODE_5148_length_433_cov_0.153595	A9KRZ3	0.369	473	90	0	0	144	0	473	2.476E-90	292
NODE_5152_length_432_cov_10.314754	Q00727	0.975	26	1	0	0	26	0	26	1.474E-10	56
NODE_5163_length_432_cov_0.252459	Q5B912	0.470	94	19	0	0	36	0	94	5.462E-20	83
NODE_5163_length_432_cov_0.252459	Q5B912	0.975	66	2	0	0	64	0	66	2.315E-38	138
NODE_5164_length_432_cov_0.232787	Q18C86	0.765	186	34	0	0	144	0	186	3.395E-90	292
NODE_5165_length_432_cov_0.163934	A3DCH7	0.389	427	87	0	0	144	0	427	1.368E-87	284
NODE_4141_length_527_cov_3.432500	Q10258	0.412	517	101	0	0	172	0	517	1.945E-117	372
NODE_4160_length_524_cov_11.231738	O14301	0.473	82	16	0	0	32	0	82	9.022E-17	74
NODE_4174_length_523_cov_3.330808	Q9Y767	0.614	300	63	0	0	165	0	300	9.551E-114	361
NODE_4179_length_522_cov_12.081013	Q92411	1.000	40	0	0	0	40	0	40	1.498E-21	88
NODE_4199_length_520_cov_6.974555	G0RH19	0.359	281	50	0	0	79	0	281	1.279E-48	168
NODE_4200_length_520_cov_6.882952	A0A3G1DIJ8	0.604	278	64	0	0	162	0	278	1.434E-102	329
NODE_4304_length_509_cov_0.623037	P15956	0.899	87	9	0	0	87	0	87	1.744E-47	166
NODE_4312_length_508_cov_4.257218	Q8TFD4	0.568	102	22	0	0	51	0	102	2.948E-30	114
NODE_4323_length_506_cov_3.606860	P38318	0.894	102	10	0	0	93	0	102	1.070E-56	192
NODE_4341_length_504_cov_6.148541	E9F8L9	0.293	217	30	0	0	43	0	217	1.627E-24	97
NODE_1_length_38269_cov_14.311284	B0SA26	0.524	104	24	0	0	51	0	104	3.163E-27	105
NODE_1_length_38269_cov_14.311284	Q8R151	0.648	629	140	0	0	400	0	629	1.102E-262	804
NODE_2_length_25687_cov_14.479890	M3A326	0.974	98	3	0	0	98	0	98	1.957E-60	203
NODE_2_length_25687_cov_14.479890	A0A411PQN6	0.536	225	52	0	0	112	0	225	1.802E-69	230
NODE_2_length_25687_cov_14.479890	M3A326	0.810	514	79	0	0	418	0	514	3.039E-280	856
NODE_2_length_25687_cov_14.479890	A0A411PQN6	0.234	260	27	0	0	36	0	260	2.476E-18	79
NODE_2_length_25687_cov_14.479890	M2YMT1	0.923	175	13	0	0	168	0	175	2.026E-106	340
NODE_2_length_25687_cov_14.479890	P0DOB3	0.317	231	33	0	0	50	0	231	5.733E-31	116
NODE_2_length_25687_cov_14.479890	P0CU76	0.564	133	29	0	0	67	0	133	3.488E-41	146
NODE_2_length_25687_cov_14.479890	P0CU74	0.797	160	24	0	0	118	0	160	7.205E-81	263
NODE_2_length_25687_cov_14.479890	M2WJF5	0.778	185	32	0	0	146	0	185	1.590E-91	296
NODE_2_length_25687_cov_14.479890	M1WCF7	0.856	67	8	0	0	57	0	67	9.739E-33	121
NODE_2_length_25687_cov_14.479890	M1WCF7	0.677	158	32	0	0	101	0	158	1.727E-64	215
NODE_2_length_25687_cov_14.479890	M3ANL0	0.505	313	72	0	0	146	0	313	2.181E-91	295
NODE_2_length_25687_cov_14.479890	O13970	0.890	253	25	0	0	230	0	253	1.740E-150	471
NODE_2_length_25687_cov_14.479890	P0CU67	0.223	659	61	0	0	80	0	659	3.296E-51	176
NODE_2_length_25687_cov_14.479890	M3A326	0.293	816	120	0	0	171	0	816	3.734E-111	354
NODE_2_length_25687_cov_14.479890	M3A326	0.453	1354	297	0	0	544	0	1354	0.000E+00	1098
NODE_2_length_25687_cov_14.479890	A0A411PQP9	0.311	1807	294	0	0	427	0	1807	8.687E-280	855
NODE_2_length_25687_cov_14.479890	A0A2I1C3T1	0.942	201	11	0	0	197	0	201	1.645E-126	400
NODE_2_length_25687_cov_14.479890	A0A2I1C3T1	0.340	265	44	0	0	67	0	265	1.852E-41	147
NODE_2_length_25687_cov_14.479890	A0A411PQN6	0.911	115	10	0	0	115	0	115	2.988E-66	221
NODE_3_length_21703_cov_14.657397	P54423	0.211	562	53	0	0	68	0	562	3.575E-37	135
NODE_4_length_21439_cov_13.959929	O42917	0.952	567	27	0	0	562	0	567	0.000E+00	1135
NODE_5_length_19954_cov_40.009734	P15956	0.889	118	13	0	0	118	0	118	4.739E-66	221
NODE_5_length_19954_cov_40.009734	P05510	0.242	278	34	0	0	46	0	278	1.093E-21	89
NODE_5_length_19954_cov_40.009734	Q6QU67	0.570	650	159	0	0	371	0	650	7.663E-231	711
NODE_5_length_19954_cov_40.009734	P14862	0.698	257	57	0	0	191	0	257	3.303E-113	361
NODE_5_length_19954_cov_40.009734	P03913	0.846	101	15	0	0	98	0	101	6.387E-52	179
NODE_5_length_19954_cov_40.009734	P0CY44	0.448	277	68	0	0	125	0	277	2.818E-67	225
NODE_5_length_19954_cov_40.009734	P15582	0.510	517	125	0	0	256	0	517	1.743E-157	492
NODE_5_length_19954_cov_40.009734	Q01562	0.814	89	16	0	0	89	0	89	1.703E-42	151
NODE_5_length_19954_cov_40.009734	Q6V9D9	0.894	63	7	0	0	63	0	63	4.704E-32	120
NODE_5_length_19954_cov_40.009734	P20681	0.180	455	27	0	0	34	0	455	2.055E-17	76
NODE_5_length_19954_cov_40.009734	Q01561	0.480	139	33	0	0	64	0	139	8.039E-34	125
NODE_5_length_19954_cov_40.009734	P00422	0.416	106	23	0	0	41	0	106	9.099E-19	80
NODE_5_length_19954_cov_40.009734	Q8HHD2	0.254	186	23	0	0	32	0	186	3.810E-14	66
NODE_5_length_19954_cov_40.009734	Q8SHP7	0.265	231	32	0	0	44	0	231	3.502E-21	87
NODE_5_length_19954_cov_40.009734	P00421	0.490	226	52	0	0	102	0	226	1.900E-61	207
NODE_5_length_19954_cov_40.009734	P15578	0.762	218	42	0	0	179	0	218	3.420E-106	340
NODE_5_length_19954_cov_40.009734	P15578	0.405	494	111	0	0	187	0	494	1.706E-108	347
NODE_6_length_19715_cov_14.417960	Q08562	0.149	982	35	0	0	42	0	982	1.668E-21	88
NODE_9_length_18552_cov_13.981710	O00418	0.658	323	67	0	0	196	0	323	1.776E-134	422
NODE_12_length_15635_cov_14.514122	Q00808	0.588	140	28	0	0	68	0	140	1.594E-46	162
NODE_17_length_13835_cov_14.925518	A0A3G1DJG8	0.684	109	21	0	0	68	0	109	5.984E-43	151
