NODE_3601_length_640_cov_12.097466	Q5HQJ3	0.309	300	47	0	0	69	0	300	3.542E-40	143
NODE_3617_length_635_cov_7.511811	O43053	0.437	423	88	0	0	158	0	423	4.593E-103	330
NODE_3627_length_634_cov_6.753452	A0A142PTM2	0.442	323	70	0	0	127	0	323	3.290E-78	256
NODE_3645_length_631_cov_12.005952	Q92250	0.703	89	18	0	0	60	0	89	5.195E-35	128
NODE_3652_length_630_cov_11.952286	P56216	0.393	148	29	0	0	49	0	148	2.626E-26	102
NODE_3652_length_630_cov_11.952286	P56216	0.297	188	27	0	0	39	0	188	6.951E-21	86
NODE_3674_length_627_cov_5.772000	Q96VK3	0.588	370	81	0	0	197	0	370	3.501E-134	422
NODE_3691_length_624_cov_17.951710	A0A067XMP2	0.771	204	33	0	0	145	0	204	7.198E-101	323
NODE_3698_length_623_cov_11.542339	A0A144Y7G4	0.748	219	42	0	0	168	0	219	2.304E-104	334
NODE_4201_length_553_cov_13.352113	Q5BB57	0.560	331	77	0	0	175	0	331	9.334E-112	356
NODE_4224_length_551_cov_3.259434	O59737	0.518	364	80	0	0	167	0	364	2.248E-111	354
NODE_5821_length_415_cov_1.916667	Q5RKZ7	0.713	187	38	0	0	132	0	187	6.632E-83	270
NODE_5834_length_414_cov_2.125436	P51533	0.169	224	11	0	0	14	0	224	2.950E-03	34
NODE_5834_length_414_cov_2.125436	Q4WFQ4	0.468	250	55	0	0	104	0	250	2.744E-64	215
NODE_5867_length_412_cov_2.010526	F1QN74	0.219	436	35	0	0	46	0	436	1.652E-30	114
NODE_5868_length_412_cov_2.010526	B8N0E7	0.301	220	33	0	0	48	0	220	2.492E-26	102
NODE_5870_length_412_cov_0.659649	P0DOV6	0.865	85	9	0	0	71	0	85	4.032E-44	155
NODE_5870_length_412_cov_0.659649	P07023	0.185	373	24	0	0	31	0	373	1.386E-14	68
NODE_5887_length_411_cov_3.890845	Q8N465	0.272	285	37	0	0	52	0	285	2.082E-29	111
NODE_5898_length_410_cov_8.378092	Q08902	0.216	272	24	0	0	31	0	272	1.087E-15	71
NODE_3709_length_621_cov_25.769231	P41412	0.243	269	28	0	0	38	0	269	3.489E-21	87
NODE_3721_length_619_cov_8.252033	P87140	0.437	519	114	0	0	204	0	519	7.139E-128	404
NODE_3730_length_618_cov_12.969450	P70792	0.285	352	51	0	0	73	0	352	1.331E-41	148
NODE_4890_length_482_cov_0.236620	A1ST25	0.574	294	67	0	0	159	0	294	8.254E-102	326
NODE_4898_length_481_cov_8.155367	P08466	0.506	141	30	0	0	61	0	141	1.329E-37	136
NODE_4900_length_481_cov_6.734463	O74430	0.733	227	41	0	0	153	0	227	4.772E-106	338
NODE_3823_length_604_cov_8.241090	O28528	0.254	262	30	0	0	41	0	262	6.602E-23	92
NODE_4313_length_540_cov_4.377724	Q4WHG0	0.477	371	90	0	0	173	0	371	5.686E-101	325
NODE_4321_length_539_cov_7.796117	P40527	0.356	377	71	0	0	111	0	377	1.308E-66	222
NODE_4384_length_532_cov_4.553086	C7YHA8	0.537	194	42	0	0	91	0	194	4.486E-59	199
NODE_4406_length_530_cov_3.667494	Q2UL45	0.675	262	54	0	0	166	0	262	2.938E-111	354
NODE_4411_length_529_cov_22.407960	Q9Y7M1	0.412	451	95	0	0	163	0	451	2.577E-101	325
NODE_4412_length_529_cov_18.246269	Q70DX9	0.224	348	32	0	0	42	0	348	3.998E-24	96
NODE_4412_length_529_cov_18.246269	Q70DX9	0.242	308	35	0	0	47	0	308	5.648E-25	98
NODE_5452_length_438_cov_7.848875	Q0UI93	0.206	1334	107	0	0	136	0	1334	3.804E-92	297
NODE_5478_length_436_cov_6.614887	P14068	0.394	421	85	0	0	142	0	421	9.059E-88	285
NODE_5500_length_435_cov_4.516234	Q5B2K4	0.346	290	50	0	0	77	0	290	1.997E-47	165
NODE_5506_length_435_cov_1.045455	Q1EB31	0.334	359	61	0	0	93	0	359	1.070E-56	192
NODE_5506_length_435_cov_1.045455	Q4WM60	0.220	409	38	0	0	50	0	409	4.474E-28	108
NODE_5539_length_433_cov_0.117647	Q9P6J3	0.234	495	47	0	0	63	0	495	3.905E-41	146
NODE_5551_length_432_cov_1.563934	Q9T075	0.434	357	74	0	0	132	0	357	4.239E-85	276
NODE_5554_length_431_cov_22.855263	O74537	0.312	148	22	0	0	33	0	148	9.536E-17	74
NODE_5596_length_429_cov_13.198675	Q0D1P1	0.267	295	37	0	0	52	0	295	1.516E-29	112
NODE_5609_length_429_cov_0.655629	Q4WUS1	0.237	418	45	0	0	60	0	418	9.791E-35	127
NODE_5615_length_428_cov_5.225914	Q1E2F4	0.385	465	87	0	0	143	0	465	9.662E-95	305
NODE_865_length_2413_cov_15.123360	S0DL65	0.185	585	33	0	0	42	0	585	3.713E-27	104
NODE_887_length_2383_cov_23.837766	Q924T2	0.687	281	58	0	0	186	0	281	1.721E-122	387
NODE_893_length_2370_cov_16.818992	Q84M96	0.552	330	76	0	0	171	0	330	4.245E-109	348
NODE_900_length_2354_cov_104.242479	P20681	0.180	455	27	0	0	34	0	455	2.055E-17	76
NODE_919_length_2318_cov_21.591967	O94256	0.622	133	27	0	0	73	0	133	2.240E-47	164
NODE_928_length_2305_cov_15.280992	Q00646	0.227	306	31	0	0	41	0	306	5.634E-21	87
NODE_932_length_2296_cov_16.028585	Q8NHG8	0.300	239	32	0	0	47	0	239	4.151E-29	110
NODE_941_length_2284_cov_20.179416	Q00808	0.920	140	9	0	0	117	0	140	9.025E-84	272
NODE_949_length_2264_cov_28.119794	O76924	0.648	344	67	0	0	192	0	344	3.886E-141	441
NODE_965_length_2238_cov_22.644718	Q2U4L7	0.577	129	28	0	0	68	0	129	5.036E-41	146
NODE_965_length_2238_cov_22.644718	Q2U4L7	0.545	503	114	0	0	252	0	503	2.000E-167	521
NODE_2831_length_817_cov_20.991304	Q01555	0.497	93	22	0	0	44	0	93	1.350E-21	89
NODE_2834_length_816_cov_10.040639	D4AMT2	0.608	448	100	0	0	257	0	448	5.089E-171	531
NODE_2849_length_810_cov_19.177160	O94653	0.415	479	104	0	0	178	0	479	4.323E-109	348
NODE_2866_length_806_cov_16.845361	Q0E2Y1	0.171	364	17	0	0	21	0	364	3.931E-10	54
NODE_2890_length_800_cov_10.952452	A7E8B6	0.349	713	135	0	0	209	0	713	1.240E-127	404
NODE_2900_length_796_cov_23.609865	A0A411KUU5	0.900	64	6	0	0	61	0	64	4.620E-33	123
NODE_2903_length_796_cov_20.992526	P15710	0.187	577	37	0	0	46	0	577	1.290E-27	106
NODE_2919_length_791_cov_13.316265	Q12669	0.171	526	27	0	0	34	0	526	2.055E-17	76
NODE_2944_length_780_cov_21.696784	A0A3G1DIJ8	0.717	330	67	0	0	239	0	330	1.251E-152	477
NODE_2965_length_777_cov_16.327692	Q9FS87	0.719	349	69	0	0	248	0	349	1.408E-162	507
NODE_492_length_3424_cov_22.282075	Q09909	0.244	639	67	0	0	90	0	639	3.401E-60	202
NODE_497_length_3399_cov_23.538203	J4KLP6	0.828	172	24	0	0	139	0	172	1.134E-91	296
NODE_514_length_3312_cov_25.938462	Q04677	0.239	402	46	0	0	61	0	402	9.472E-34	124
NODE_536_length_3243_cov_22.349807	A0A1B4XBI3	0.937	540	32	0	0	512	0	540	0.000E+00	1062
NODE_539_length_3240_cov_18.832316	O13962	0.740	136	24	0	0	92	0	136	1.591E-61	206
NODE_542_length_3232_cov_25.473752	A6QK99	0.980	285	6	0	0	278	0	285	2.903E-191	591
NODE_542_length_3232_cov_25.473752	Q8D3K2	0.220	532	49	0	0	64	0	532	1.229E-38	139
NODE_567_length_3151_cov_23.583333	Q7SFX6	0.250	370	44	0	0	60	0	370	1.236E-33	124
NODE_567_length_3151_cov_23.583333	Q00808	0.929	241	15	0	0	216	0	241	6.524E-151	471
NODE_567_length_3151_cov_23.583333	P25451	0.326	205	34	0	0	52	0	205	3.616E-28	108
NODE_573_length_3120_cov_24.798196	Q8TFD4	0.881	374	39	0	0	330	0	374	2.511E-223	687
NODE_574_length_3110_cov_17.743882	P38757	0.201	440	35	0	0	45	0	440	3.414E-24	96
NODE_1068_length_2050_cov_20.314613	Q2GV19	0.953	167	8	0	0	162	0	167	2.602E-105	336
NODE_1086_length_2025_cov_22.883562	C5FGX1	0.656	118	23	0	0	69	0	118	1.935E-44	156
NODE_1086_length_2025_cov_22.883562	C5FW30	0.292	357	49	0	0	70	0	357	2.035E-44	156
NODE_1103_length_2013_cov_11.884411	G0S4F3	0.778	510	87	0	0	394	0	510	7.378E-265	810
NODE_1105_length_2012_cov_0.293899	Q3BAI2	0.968	58	2	0	0	58	0	58	1.933E-32	121
NODE_1155_length_1939_cov_13.740066	Q1E5B0	0.616	299	67	0	0	176	0	299	1.181E-113	361
NODE_1197_length_1881_cov_17.192132	Q0CPP9	0.176	260	15	0	0	19	0	260	2.632E-06	43
NODE_1205_length_1873_cov_23.768614	Q6FQN3	0.134	1488	28	0	0	33	0	1488	1.415E-17	76
NODE_1239_length_1827_cov_27.059412	O94256	0.573	90	18	0	0	44	0	90	2.771E-26	102
NODE_1258_length_1811_cov_14.023159	Q66WM4	0.426	452	94	0	0	165	0	452	1.755E-106	340
NODE_1281_length_1792_cov_22.753754	A9CPT4	0.429	113	19	0	0	35	0	113	8.322E-22	89
NODE_5620_length_427_cov_15.453333	O42636	0.851	163	20	0	0	132	0	163	1.732E-89	289
NODE_5636_length_427_cov_0.353333	Q9L790	0.551	282	63	0	0	141	0	282	3.534E-92	297
NODE_5639_length_426_cov_16.434783	Q9UT00	0.442	359	78	0	0	140	0	359	1.128E-87	284
NODE_5651_length_426_cov_1.317726	P78621	0.327	520	87	0	0	131	0	520	2.235E-82	269
NODE_5680_length_423_cov_21.141892	Q9SR79	0.324	364	53	0	0	80	0	364	6.435E-55	186
NODE_5686_length_423_cov_5.283784	Q4WFS2	0.510	123	29	0	0	61	0	123	4.248E-32	120
NODE_5687_length_423_cov_3.983108	O94556	0.391	435	85	0	0	140	0	435	3.838E-90	291
NODE_5689_length_423_cov_0.628378	P00491	0.279	275	40	0	0	56	0	275	1.358E-29	112
NODE_5692_length_422_cov_17.057627	Q4WVM1	0.317	493	85	0	0	126	0	493	1.446E-73	243
NODE_5700_length_422_cov_7.905085	P40527	0.263	533	71	0	0	97	0	533	3.678E-57	194
NODE_3756_length_614_cov_11.821355	A5AA68	0.598	335	78	0	0	196	0	335	3.045E-123	390
NODE_3772_length_612_cov_9.406186	P38989	0.718	260	55	0	0	197	0	260	7.728E-119	377
NODE_3773_length_612_cov_0.583505	Q6QU67	0.270	231	31	0	0	44	0	231	3.791E-22	90
NODE_3773_length_612_cov_0.583505	P05510	0.242	278	34	0	0	46	0	278	1.093E-21	89
NODE_3773_length_612_cov_0.583505	P20679	0.318	375	65	0	0	96	0	375	1.424E-54	186
NODE_3789_length_609_cov_12.323651	Q0CB82	0.729	89	16	0	0	60	0	89	6.154E-37	134
NODE_3789_length_609_cov_12.323651	Q0CB82	0.448	145	31	0	0	57	0	145	4.752E-32	119
NODE_5905_length_410_cov_0.173145	A4XKX0	0.587	242	55	0	0	134	0	242	4.670E-85	276
NODE_5918_length_409_cov_4.347518	P38694	0.289	614	85	0	0	121	0	614	7.614E-80	261
NODE_5934_length_408_cov_0.341637	B1XD46	0.438	358	76	0	0	136	0	358	1.595E-86	281
NODE_5935_length_408_cov_0.177936	B8G1W5	0.743	102	20	0	0	78	0	102	2.217E-44	156
NODE_5953_length_407_cov_2.853571	Q9ZQP2	0.438	200	39	0	0	71	0	200	2.335E-45	158
NODE_5968_length_406_cov_5.487455	Q10088	0.549	282	64	0	0	142	0	282	9.564E-92	296
NODE_983_length_2209_cov_24.096061	Q00808	0.940	241	13	0	0	219	0	241	4.843E-153	477
NODE_986_length_2199_cov_26.436293	Q30DW8	0.828	396	55	0	0	321	0	396	3.169E-220	677
NODE_990_length_2194_cov_24.051766	T0JRM4	0.633	299	64	0	0	176	0	299	6.669E-118	374
NODE_990_length_2194_cov_24.051766	G4NAP4	0.321	444	69	0	0	102	0	444	2.377E-67	224
NODE_994_length_2187_cov_25.363592	P24487	0.224	307	27	0	0	36	0	307	1.533E-20	85
NODE_994_length_2187_cov_25.363592	A7IH29	0.203	297	24	0	0	31	0	297	1.906E-14	67
NODE_1017_length_2144_cov_18.737729	Q5BB40	0.408	502	98	0	0	167	0	502	3.385E-112	357
NODE_1023_length_2121_cov_27.871113	Q2TBT8	0.828	61	8	0	0	45	0	61	6.489E-28	107
NODE_1024_length_2120_cov_25.201204	P40100	0.243	284	37	0	0	50	0	284	1.459E-22	92
NODE_1027_length_2115_cov_15.681087	B0BK71	0.447	512	109	0	0	199	0	512	2.640E-130	411
NODE_1034_length_2108_cov_12.235740	Q0CIV4	0.187	1142	81	0	0	101	0	1142	2.268E-60	203
NODE_1064_length_2055_cov_21.844917	A0A0B5LB52	0.850	422	52	0	0	351	0	422	1.317E-242	743
NODE_18_length_13860_cov_27.259666	A0A3G1DJG8	0.684	109	21	0	0	68	0	109	5.984E-43	151
NODE_21_length_12908_cov_27.026524	N1PA11	0.460	375	81	0	0	151	0	375	1.369E-97	314
NODE_22_length_12841_cov_26.558125	P0DUR7	0.863	317	37	0	0	270	0	317	9.244E-184	569
NODE_22_length_12841_cov_26.558125	D4B1N9	0.892	183	18	0	0	168	0	183	4.182E-107	342
NODE_22_length_12841_cov_26.558125	D4B1N9	0.321	233	36	0	0	54	0	233	4.070E-32	119
NODE_22_length_12841_cov_26.558125	D4B1N9	0.627	564	123	0	0	332	0	564	9.484E-226	694
NODE_29_length_11856_cov_26.312388	Q4U4N4	0.342	237	43	0	0	66	0	237	1.147E-36	133
NODE_29_length_11856_cov_26.312388	P25605	0.660	114	24	0	0	72	0	114	5.337E-43	152
NODE_33_length_10932_cov_26.572235	Q6PCN7	0.239	316	34	0	0	46	0	316	3.901E-25	99
NODE_35_length_10844_cov_26.461883	E1ACR0	0.795	320	52	0	0	257	0	320	7.177E-168	522
NODE_35_length_10844_cov_26.461883	A0A1L9WLL5	0.845	44	5	0	0	34	0	44	1.175E-18	79
NODE_35_length_10844_cov_26.461883	A0A4P8DJH6	0.793	157	24	0	0	116	0	157	1.024E-78	257
NODE_35_length_10844_cov_26.461883	G3Y416	0.982	250	4	0	0	245	0	250	3.697E-167	520
NODE_35_length_10844_cov_26.461883	E1ACQ6	0.810	196	31	0	0	165	0	196	2.270E-102	328
NODE_35_length_10844_cov_26.461883	E1ACQ6	0.450	316	66	0	0	121	0	316	1.793E-78	257
NODE_35_length_10844_cov_26.461883	E1ACQ6	0.342	436	78	0	0	119	0	436	5.000E-73	241
NODE_37_length_10610_cov_26.658590	Q7S6P8	0.333	635	116	0	0	175	0	635	9.099E-105	336
NODE_37_length_10610_cov_26.658590	Q44257	0.390	317	192	0	0	317	0	315	1.139E-59	213
NODE_38_length_10530_cov_25.519562	B0XWL3	0.668	454	94	0	0	284	0	454	2.197E-195	603
NODE_39_length_10373_cov_21.856432	O59714	0.579	498	111	0	0	265	0	498	2.407E-179	556
NODE_44_length_9782_cov_27.566132	K0DZ95	0.348	424	77	0	0	119	0	424	3.645E-73	241
NODE_44_length_9782_cov_27.566132	K0DZ95	0.207	480	44	0	0	56	0	480	4.830E-29	111
NODE_3904_length_590_cov_25.511879	O74298	0.181	728	43	0	0	54	0	728	4.425E-33	122
NODE_3946_length_586_cov_9.459695	B4SEI4	0.437	325	70	0	0	125	0	325	1.449E-77	254
NODE_3965_length_583_cov_14.188596	Q5F3X4	0.421	486	97	0	0	169	0	486	2.984E-113	360
NODE_3978_length_582_cov_1.243956	D7PHZ0	0.211	387	35	0	0	45	0	387	1.215E-23	94
NODE_3983_length_581_cov_13.546256	O13992	0.305	609	90	0	0	130	0	609	8.695E-87	281
NODE_3987_length_581_cov_2.971366	P42023	0.442	104	21	0	0	38	0	104	1.708E-20	85
NODE_3987_length_581_cov_2.971366	P38673	0.406	158	33	0	0	56	0	158	3.821E-30	114
NODE_4001_length_579_cov_8.378319	Q4X0Z7	0.298	639	98	0	0	140	0	639	6.000E-88	285
NODE_4012_length_577_cov_6.480000	P38345	0.348	138	23	0	0	36	0	138	3.677E-19	81
NODE_4079_length_568_cov_9.591837	Q02959	0.394	450	86	0	0	143	0	450	1.325E-94	304
NODE_4090_length_567_cov_16.431818	A0A0F7GG06	0.301	656	102	0	0	147	0	656	3.442E-92	298
NODE_46_length_9690_cov_27.343302	Q9P2E3	0.501	1168	272	0	0	547	0	1168	0.000E+00	1082
NODE_50_length_9542_cov_27.826129	D2E9W8	0.325	218	36	0	0	54	0	218	3.446E-30	114
NODE_62_length_9055_cov_29.198589	Q27655	0.240	429	47	0	0	63	0	429	9.849E-37	133
NODE_62_length_9055_cov_29.198589	Q7SB51	0.697	526	110	0	0	363	0	526	4.455E-239	734
NODE_62_length_9055_cov_29.198589	Q756H2	0.938	359	22	0	0	359	0	359	2.902E-230	708
NODE_77_length_8034_cov_24.326167	P10978	0.235	1037	115	0	0	151	0	1037	5.022E-94	303
NODE_77_length_8034_cov_24.326167	P92519	0.554	225	50	0	0	113	0	225	9.629E-73	240
NODE_78_length_7989_cov_22.212923	O60066	0.320	166	24	0	0	37	0	166	8.572E-21	86
NODE_81_length_7758_cov_26.226576	Q8NIN9	0.891	105	10	0	0	97	0	105	2.932E-58	197
NODE_82_length_7738_cov_23.301537	G4NID8	0.512	216	49	0	0	102	0	216	3.911E-62	209
NODE_89_length_7552_cov_25.379394	Q00808	0.810	79	11	0	0	57	0	79	3.842E-37	134
NODE_89_length_7552_cov_25.379394	Q6DF46	0.420	399	85	0	0	148	0	399	2.401E-91	295
NODE_90_length_7438_cov_24.770209	A0A2G5I8W0	0.533	237	54	0	0	116	0	237	5.926E-73	241
NODE_90_length_7438_cov_24.770209	A0A2G5I8W0	0.254	320	37	0	0	51	0	320	1.977E-29	111
NODE_90_length_7438_cov_24.770209	Q47PU3	0.751	197	35	0	0	140	0	197	5.555E-94	302
NODE_90_length_7438_cov_24.770209	H3JQW0	0.250	394	46	0	0	62	0	394	1.764E-36	132
NODE_90_length_7438_cov_24.770209	P12015	0.274	464	61	0	0	85	0	464	3.678E-53	182
NODE_90_length_7438_cov_24.770209	B6H059	0.467	176	39	0	0	75	0	176	6.206E-43	152
NODE_90_length_7438_cov_24.770209	B6H059	0.586	364	78	0	0	190	0	364	2.587E-131	413
NODE_94_length_7348_cov_25.968979	Q9Y7X8	0.504	719	174	0	0	351	0	719	4.136E-218	673
NODE_722_length_2722_cov_24.352601	Q9UV10	0.974	668	17	0	0	653	0	668	0.000E+00	1372
NODE_732_length_2692_cov_24.532943	B8N7G5	0.963	155	5	0	0	146	0	155	1.180E-98	316
NODE_732_length_2692_cov_24.532943	P15828	0.296	207	28	0	0	41	0	207	1.350E-23	94
NODE_759_length_2617_cov_22.576707	Q00808	0.954	299	13	0	0	274	0	299	6.617E-195	601
NODE_802_length_2518_cov_29.927645	S8B3I0	0.650	111	22	0	0	65	0	111	8.147E-41	145
NODE_828_length_2478_cov_20.541472	A7EV21	0.725	374	72	0	0	264	0	374	9.174E-177	548
NODE_834_length_2470_cov_23.775501	A0A075TMP0	0.399	340	69	0	0	116	0	340	3.602E-71	235
NODE_835_length_2467_cov_21.945299	M2WJ74	0.940	209	12	0	0	209	0	209	2.483E-131	414
NODE_852_length_2434_cov_18.261378	Q00808	1.000	243	0	0	0	243	0	243	2.165E-169	526
NODE_862_length_2418_cov_26.772152	O60260	0.374	455	78	0	0	126	0	455	1.617E-88	286
NODE_584_length_3082_cov_22.261591	Q10156	0.265	572	72	0	0	99	0	572	6.947E-63	211
NODE_595_length_3050_cov_23.024632	Q6X9S4	0.252	262	33	0	0	45	0	262	2.909E-22	91
NODE_609_length_3006_cov_19.001042	Q9P727	0.457	333	75	0	0	140	0	333	6.236E-85	276
NODE_612_length_2996_cov_16.247124	Q4WU59	0.438	654	138	0	0	247	0	654	1.078E-163	510
NODE_650_length_2910_cov_21.604384	Q1DWF4	0.281	599	91	0	0	127	0	599	1.517E-73	243
NODE_667_length_2876_cov_26.732630	Q5B7I8	0.392	209	36	0	0	60	0	209	4.218E-40	143
NODE_673_length_2865_cov_23.439372	Q00808	0.575	151	31	0	0	74	0	151	3.851E-49	169
NODE_674_length_2856_cov_24.482228	Q10161	0.330	1018	178	0	0	267	0	1018	2.878E-170	530
NODE_685_length_2824_cov_23.608825	Q00808	0.675	241	49	0	0	151	0	241	7.700E-102	326
NODE_713_length_2752_cov_26.304000	S0ENH1	0.532	242	55	0	0	119	0	242	2.123E-74	245
NODE_3305_length_697_cov_15.943860	P06208	0.543	466	105	0	0	231	0	466	9.426E-154	480
NODE_3307_length_697_cov_11.501754	A0A1D8PK89	0.445	566	125	0	0	226	0	566	1.014E-143	451
NODE_3313_length_695_cov_16.086268	Q0UHC4	0.781	300	50	0	0	230	0	300	8.989E-154	480
NODE_3317_length_694_cov_11.255732	A2R1F6	0.481	482	111	0	0	215	0	482	3.516E-135	426
NODE_3320_length_693_cov_18.118375	Q1MTQ9	0.445	180	38	0	0	69	0	180	5.298E-41	146
NODE_3322_length_692_cov_19.069027	Q06169	0.562	384	85	0	0	194	0	384	1.216E-131	414
NODE_3347_length_688_cov_20.329768	A5UQR2	0.402	154	34	0	0	58	0	154	1.386E-28	109
NODE_3372_length_684_cov_14.574506	Q2USL9	1.000	21	0	0	0	21	0	21	4.695E-08	48
NODE_3391_length_680_cov_15.027125	Q01285	0.447	579	124	0	0	226	0	579	3.066E-148	464
NODE_3468_length_663_cov_6.759328	O13963	0.634	336	75	0	0	207	0	336	2.729E-133	420
NODE_131_length_6435_cov_28.108275	Q00808	0.991	758	7	0	0	758	0	758	0.000E+00	1587
NODE_137_length_6233_cov_24.698330	Q6TN15	0.931	496	34	0	0	496	0	496	8.560E-318	969
NODE_138_length_6134_cov_27.316964	Q6C5V7	0.307	272	35	0	0	51	0	272	9.183E-36	130
NODE_139_length_6127_cov_132.254833	P00411	0.524	245	57	0	0	120	0	245	7.886E-74	243
NODE_139_length_6127_cov_132.254833	P19041	0.882	103	12	0	0	103	0	103	4.511E-56	191
NODE_139_length_6127_cov_132.254833	Q6X9S4	1.000	29	0	0	0	29	0	29	3.220E-14	66
NODE_139_length_6127_cov_132.254833	P19041	0.312	180	34	0	0	51	0	180	1.420E-21	89
NODE_139_length_6127_cov_132.254833	P08774	0.301	239	39	0	0	57	0	239	5.085E-29	111
NODE_139_length_6127_cov_132.254833	Q01554	0.851	74	11	0	0	74	0	74	2.354E-36	133
NODE_139_length_6127_cov_132.254833	P00402	0.670	142	32	0	0	97	0	142	2.452E-56	192
NODE_139_length_6127_cov_132.254833	P00402	0.332	225	39	0	0	59	0	225	1.079E-32	121
NODE_139_length_6127_cov_132.254833	P00402	0.254	275	36	0	0	49	0	275	4.214E-24	96
NODE_139_length_6127_cov_132.254833	P03945	0.252	292	37	0	0	50	0	292	1.352E-25	100
NODE_139_length_6127_cov_132.254833	O48334	0.615	75	17	0	0	45	0	75	4.328E-23	93
NODE_139_length_6127_cov_132.254833	Q35128	0.395	113	22	0	0	37	0	113	1.384E-18	79
NODE_139_length_6127_cov_132.254833	Q6X9S4	0.434	273	60	0	0	107	0	273	2.117E-63	213
NODE_139_length_6127_cov_132.254833	Q6X9S4	0.337	382	71	0	0	108	0	382	1.856E-61	207
NODE_139_length_6127_cov_132.254833	P00411	0.667	51	11	0	0	33	0	51	1.670E-15	70
NODE_139_length_6127_cov_132.254833	P00411	0.406	83	17	0	0	30	0	83	1.555E-12	62
NODE_139_length_6127_cov_132.254833	P13588	0.361	122	24	0	0	38	0	122	2.557E-17	76
NODE_157_length_5680_cov_21.347560	Q8X097	0.307	108	15	0	0	23	0	108	6.087E-10	54
NODE_159_length_5663_cov_30.081105	B2ADA5	0.184	364	22	0	0	28	0	364	7.906E-14	65
NODE_159_length_5663_cov_30.081105	O74173	0.400	214	45	0	0	76	0	214	2.315E-42	150
NODE_165_length_5583_cov_22.061034	Q59RQ0	0.238	434	50	0	0	66	0	434	1.575E-36	133
NODE_165_length_5583_cov_22.061034	Q5AXT5	0.570	688	160	0	0	372	0	688	3.441E-245	752
NODE_166_length_5578_cov_24.952302	Q00808	0.920	146	10	0	0	123	0	146	1.274E-87	283
NODE_173_length_5424_cov_25.919011	A7EWH6	0.230	615	65	0	0	86	0	615	8.367E-51	175
NODE_3474_length_662_cov_7.876636	G0R6T3	0.889	92	9	0	0	83	0	92	4.810E-50	173
NODE_3474_length_662_cov_7.876636	G0R6T3	0.375	143	27	0	0	44	0	143	4.105E-23	93
NODE_5363_length_446_cov_5.084639	Q5B934	0.170	814	42	0	0	51	0	814	5.559E-30	113
NODE_5364_length_446_cov_4.043887	P27616	0.309	260	41	0	0	60	0	260	4.775E-34	125
NODE_5381_length_444_cov_2.157729	P14010	0.308	494	76	0	0	111	0	494	2.577E-70	233
NODE_5392_length_443_cov_4.987342	K0E3U9	0.715	153	31	0	0	111	0	153	9.533E-67	222
NODE_5403_length_442_cov_8.993651	F1RBC8	0.306	616	94	0	0	136	0	616	1.020E-88	287
NODE_5405_length_442_cov_4.631746	Q5S580	0.302	616	96	0	0	138	0	616	3.303E-86	280
NODE_5407_length_442_cov_1.631746	A7E8B6	0.367	425	83	0	0	132	0	425	1.780E-79	260
NODE_5408_length_442_cov_0.555556	Q0UJ42	0.417	367	79	0	0	137	0	367	2.177E-82	269
NODE_5420_length_441_cov_0.538217	Q5LCA5	0.290	562	77	0	0	109	0	562	4.207E-73	241
NODE_1282_length_1790_cov_26.004209	P07677	0.236	270	29	0	0	39	0	270	8.831E-20	83
NODE_1288_length_1778_cov_15.201090	Q2UH15	0.376	629	112	0	0	181	0	629	6.970E-126	397
NODE_1321_length_1745_cov_15.979604	A0A4P8GEA3	0.789	114	17	0	0	83	0	114	7.478E-55	186
NODE_1324_length_1742_cov_21.032198	O94528	0.715	241	48	0	0	169	0	241	2.814E-109	348
NODE_1334_length_1728_cov_24.011868	Q07505	0.287	273	37	0	0	53	0	273	3.555E-31	117
NODE_1364_length_1706_cov_23.058898	Q00808	0.905	146	11	0	0	121	0	146	7.011E-86	278
NODE_1368_length_1700_cov_6.520025	F4KD71	0.306	130	19	0	0	28	0	130	2.825E-13	64
NODE_1368_length_1700_cov_6.520025	O94469	0.482	376	86	0	0	167	0	376	3.011E-104	334
NODE_1374_length_1691_cov_20.905371	P32381	0.283	391	53	0	0	75	0	391	1.206E-46	162
NODE_1378_length_1682_cov_20.030225	Q6UEF3	0.925	52	3	0	0	47	0	52	1.253E-26	103
NODE_1378_length_1682_cov_20.030225	Q30DW9	0.799	407	61	0	0	306	0	407	3.010E-217	668
NODE_1385_length_1678_cov_21.656351	O74633	0.194	722	52	0	0	65	0	722	1.026E-39	142
NODE_2419_length_971_cov_17.822275	O14249	0.397	417	80	0	0	133	0	417	4.276E-88	285
NODE_2451_length_957_cov_17.655422	O60078	0.336	380	63	0	0	96	0	380	5.007E-61	205
NODE_2455_length_955_cov_21.841787	Q4WUJ6	0.390	242	48	0	0	79	0	242	7.825E-47	163
NODE_2464_length_953_cov_13.061743	Q9AGP8	0.964	68	2	0	0	68	0	68	4.242E-39	140
NODE_2471_length_950_cov_21.478736	A9CPT4	0.639	162	33	0	0	92	0	162	1.591E-61	206
NODE_2474_length_949_cov_10.360097	Q8NKB6	0.408	330	69	0	0	117	0	330	5.186E-71	235
NODE_2479_length_946_cov_6.777778	Q5AQL1	0.169	561	29	0	0	36	0	561	4.676E-18	78
NODE_2479_length_946_cov_6.777778	Q5AQL1	0.554	527	123	0	0	276	0	527	2.153E-179	557
NODE_2499_length_937_cov_16.295062	Q09744	0.710	405	81	0	0	280	0	405	7.675E-187	578
NODE_4141_length_561_cov_0.202765	B9E972	0.657	166	35	0	0	103	0	166	2.085E-65	218
NODE_4141_length_561_cov_0.202765	B5XK69	0.405	248	48	0	0	82	0	248	3.642E-51	176
NODE_4154_length_559_cov_21.277778	P07259	0.134	1043	20	0	0	24	0	1043	2.481E-10	55
NODE_1680_length_1390_cov_20.285827	Q4WZ70	0.226	368	37	0	0	49	0	368	1.912E-26	103
NODE_1694_length_1370_cov_20.838294	P08774	0.223	212	23	0	0	30	0	212	1.052E-11	59
NODE_1699_length_1368_cov_7.960516	Q5B8X6	0.737	183	38	0	0	146	0	183	2.940E-84	275
NODE_1745_length_1335_cov_16.692881	Q05924	0.295	572	78	0	0	112	0	572	9.618E-77	251
NODE_1781_length_1310_cov_23.467456	A1CP08	0.485	454	98	0	0	192	0	454	1.566E-128	405
NODE_1786_length_1306_cov_7.908397	Q40153	0.375	456	80	0	0	129	0	456	3.860E-89	288
NODE_1789_length_1304_cov_9.520816	P15245	0.475	568	124	0	0	237	0	568	2.764E-158	494
NODE_1796_length_1300_cov_10.881500	P11803	0.606	358	81	0	0	206	0	358	1.111E-134	424
NODE_1797_length_1299_cov_17.626280	Q10078	0.442	334	69	0	0	125	0	334	2.866E-81	265
NODE_1813_length_1287_cov_15.679310	Q10914	0.135	651	12	0	0	15	0	651	2.452E-04	37
NODE_2519_length_931_cov_14.492537	Q08822	0.258	631	70	0	0	96	0	631	6.254E-67	222
NODE_2553_length_916_cov_6.163498	A0A1L9WLF6	0.276	278	35	0	0	49	0	278	1.297E-29	112
NODE_2557_length_914_cov_6.278272	D7UPN2	0.444	235	52	0	0	95	0	235	2.033E-55	189
NODE_2583_length_904_cov_13.698842	O60084	0.432	421	89	0	0	157	0	421	6.831E-101	323
NODE_2743_length_844_cov_97.227336	Q01561	0.235	652	77	0	0	101	0	652	1.155E-56	193
NODE_2743_length_844_cov_97.227336	Q01561	0.235	652	77	0	0	101	0	652	1.155E-56	193
NODE_2798_length_828_cov_9.600571	C5P311	0.300	491	71	0	0	102	0	491	4.472E-67	223
NODE_2798_length_828_cov_9.600571	B0YA89	0.297	617	87	0	0	125	0	617	2.006E-84	274
NODE_2817_length_822_cov_7.612950	Q9Y7M1	0.597	88	19	0	0	49	0	88	3.912E-27	105
NODE_2817_length_822_cov_7.612950	P39994	0.247	277	33	0	0	45	0	277	5.946E-23	93
NODE_2819_length_821_cov_15.510086	Q3URE1	0.508	513	114	0	0	233	0	513	1.718E-155	485
NODE_2823_length_820_cov_19.927850	G0SCU5	0.158	435	19	0	0	24	0	435	8.282E-09	51
NODE_2825_length_820_cov_10.987013	Q00455	0.319	177	27	0	0	40	0	177	2.229E-22	91
NODE_2200_length_1072_cov_23.787302	Q0UVG7	0.616	506	116	0	0	303	0	506	4.756E-197	609
NODE_3040_length_759_cov_13.893987	Q12708	0.223	245	23	0	0	31	0	245	1.008E-14	68
NODE_3074_length_749_cov_3.644695	Q96VA4	0.365	689	123	0	0	194	0	689	1.336E-132	417
NODE_2632_length_885_cov_5.748021	Q12339	0.853	211	27	0	0	187	0	211	4.377E-118	375
NODE_2638_length_882_cov_13.687417	Q92412	0.557	547	128	0	0	289	0	547	9.417E-188	582
NODE_2684_length_865_cov_5.195122	P87242	0.925	163	12	0	0	158	0	163	5.949E-99	318
NODE_2686_length_864_cov_18.283582	P48777	0.273	522	72	0	0	100	0	522	7.647E-60	202
NODE_2690_length_862_cov_25.099320	Q9Y7R3	0.299	536	83	0	0	119	0	536	3.645E-73	241
NODE_6033_length_403_cov_1.659420	P48008	0.327	365	63	0	0	95	0	365	7.873E-56	190
NODE_6042_length_402_cov_9.018182	Q4WFX9	0.309	306	48	0	0	71	0	306	3.111E-41	147
NODE_5208_length_457_cov_3.266667	P54006	0.778	82	13	0	0	60	0	82	1.160E-36	133
NODE_5210_length_457_cov_0.293939	Q9S469	0.984	90	1	0	0	90	0	90	1.158E-55	189
NODE_5211_length_457_cov_0.215152	A6LEU3	0.980	49	1	0	0	49	0	49	1.014E-26	104
NODE_5227_length_455_cov_15.359756	O94528	0.552	280	64	0	0	143	0	280	1.376E-91	296
NODE_5232_length_455_cov_2.454268	Q5R432	0.239	472	52	0	0	69	0	472	9.980E-41	145
NODE_5234_length_455_cov_0.289634	Q8G5L2	0.961	110	4	0	0	110	0	110	1.363E-67	225
NODE_5247_length_454_cov_8.376147	Q0UY70	0.573	260	60	0	0	141	0	260	5.036E-89	288
NODE_5248_length_454_cov_8.373089	G4N7X0	0.677	142	31	0	0	96	0	142	3.502E-57	194
NODE_5279_length_452_cov_9.756923	Q08960	0.266	728	93	0	0	128	0	728	1.027E-82	269
NODE_1903_length_1232_cov_5.580995	Q4WHY5	0.967	286	9	0	0	283	0	286	1.071E-188	584
NODE_98_length_7221_cov_25.400620	Q00808	0.870	139	14	0	0	110	0	139	1.796E-77	253
NODE_98_length_7221_cov_25.400620	Q00808	0.870	139	14	0	0	110	0	139	1.796E-77	253
NODE_99_length_7184_cov_22.608757	Q4WZB3	0.484	356	75	0	0	147	0	356	3.504E-99	318
NODE_101_length_7086_cov_21.509556	O43052	0.659	365	75	0	0	221	0	365	5.327E-153	477
NODE_106_length_7013_cov_26.903718	Q8NK92	0.305	393	55	0	0	80	0	393	5.891E-54	184
NODE_106_length_7013_cov_26.903718	Q8NK92	0.435	639	132	0	0	234	0	639	2.397E-158	494
NODE_115_length_6759_cov_26.618667	Q00808	0.949	258	12	0	0	236	0	258	4.116E-166	516
NODE_122_length_6584_cov_32.585101	C5FBW2	0.340	586	99	0	0	151	0	586	4.664E-100	321
NODE_124_length_6570_cov_29.411454	Q00808	0.731	246	45	0	0	170	0	246	5.176E-115	365
NODE_126_length_6559_cov_25.351990	O59893	0.775	178	33	0	0	146	0	178	2.830E-87	284
NODE_128_length_6474_cov_25.573657	Q00808	0.898	761	70	0	0	686	0	761	0.000E+00	1425
NODE_129_length_6463_cov_23.001894	O13920	0.375	444	87	0	0	140	0	444	2.653E-86	280
NODE_1541_length_1518_cov_16.830338	Q9P7G4	0.729	234	45	0	0	168	0	234	1.299E-108	346
NODE_1581_length_1481_cov_16.915066	P38318	0.953	407	19	0	0	398	0	407	3.063E-267	817
NODE_1589_length_1471_cov_27.662202	Q9LVX0	0.271	330	37	0	0	52	0	330	4.718E-35	128
NODE_1615_length_1452_cov_22.478491	O74736	0.340	295	44	0	0	67	0	295	4.271E-47	163
NODE_1618_length_1451_cov_10.627644	P87170	1.000	214	0	0	0	209	0	214	2.646E-145	454
NODE_1623_length_1442_cov_22.109506	F1QN74	0.219	427	34	0	0	45	0	427	1.981E-29	111
NODE_1656_length_1414_cov_11.735043	A0A1B4XBH0	0.794	66	11	0	0	52	0	66	7.404E-29	110
NODE_1658_length_1411_cov_6.909657	P43132	0.566	499	117	0	0	271	0	499	2.713E-174	542
NODE_1660_length_1410_cov_18.520655	P38989	0.526	583	144	0	0	304	0	583	1.144E-185	576
NODE_1660_length_1410_cov_18.520655	P41003	0.275	727	105	0	0	146	0	727	2.064E-87	284
NODE_1667_length_1403_cov_12.581505	P0C8Q0	0.255	372	44	0	0	60	0	372	2.008E-35	129
NODE_1_length_38903_cov_27.587322	A0A142C799	0.552	450	102	0	0	228	0	450	9.265E-152	474
NODE_1_length_38903_cov_27.587322	A0A142C7A2	0.695	130	26	0	0	85	0	130	1.038E-53	183
NODE_1_length_38903_cov_27.587322	I1RF58	0.226	505	50	0	0	65	0	505	9.421E-39	139
NODE_1_length_38903_cov_27.587322	A0A142C799	0.203	604	52	0	0	66	0	604	8.357E-37	134
NODE_1_length_38903_cov_27.587322	M2YMU7	0.910	218	18	0	0	198	0	218	2.218E-132	417
NODE_1_length_38903_cov_27.587322	A0A142C799	0.223	687	65	0	0	85	0	687	1.038E-53	183
NODE_1_length_38903_cov_27.587322	M2YMU7	0.289	264	36	0	0	51	0	264	1.564E-30	115
NODE_1_length_38903_cov_27.587322	G3XLL5	0.184	739	50	0	0	62	0	739	7.900E-35	128
NODE_1_length_38903_cov_27.587322	Q0D1N9	0.299	1272	417	0	0	596	0	1272	9.018E-177	567
NODE_1_length_38903_cov_27.587322	A0A142C7A0	0.825	126	18	0	0	101	0	126	6.689E-65	216
NODE_1_length_38903_cov_27.587322	A0A142C7A0	0.491	226	52	0	0	103	0	226	1.454E-61	207
NODE_1_length_38903_cov_27.587322	A0A142C7A0	0.393	318	57	0	0	95	0	318	9.358E-65	216
NODE_1_length_38903_cov_27.587322	A0A142C7A0	0.303	401	58	0	0	84	0	401	2.786E-54	185
NODE_1_length_38903_cov_27.587322	Q03149	0.305	2138	336	0	0	484	0	2138	1.482E-322	982
NODE_1_length_38903_cov_27.587322	Q9UW95	0.899	115	10	0	0	98	0	115	1.629E-65	218
NODE_1_length_38903_cov_27.587322	A0A0R8YXT5	0.873	443	49	0	0	388	0	443	4.588E-263	805
NODE_1_length_38903_cov_27.587322	Q2UEL1	0.663	495	106	0	0	315	0	495	2.585E-211	651
NODE_2_length_35904_cov_27.794756	B8NM74	0.311	358	50	0	0	74	0	358	4.204E-50	172
NODE_2_length_35904_cov_27.794756	A0A067XMT7	0.963	122	4	0	0	117	0	122	4.347E-76	250
NODE_3_length_33689_cov_29.762142	B0SA26	0.524	104	24	0	0	51	0	104	3.163E-27	105
NODE_4_length_26512_cov_26.589653	P53134	0.574	724	171	0	0	403	0	724	2.686E-260	797
NODE_7_length_24536_cov_27.435618	M2YMT1	0.923	175	13	0	0	168	0	175	2.026E-106	340
NODE_7_length_24536_cov_27.435618	M3A326	0.810	514	79	0	0	418	0	514	3.039E-280	856
NODE_7_length_24536_cov_27.435618	P0DOB3	0.317	231	33	0	0	50	0	231	5.733E-31	116
NODE_7_length_24536_cov_27.435618	P0CU76	0.564	133	29	0	0	67	0	133	3.488E-41	146
NODE_7_length_24536_cov_27.435618	M3A326	0.293	816	120	0	0	171	0	816	3.734E-111	354
NODE_7_length_24536_cov_27.435618	P0CU74	0.797	160	24	0	0	118	0	160	7.205E-81	263
NODE_7_length_24536_cov_27.435618	M3A326	0.453	1354	297	0	0	544	0	1354	0.000E+00	1098
NODE_7_length_24536_cov_27.435618	M2WJF5	0.778	185	32	0	0	146	0	185	1.590E-91	296
NODE_7_length_24536_cov_27.435618	A0A411PQP9	0.311	1807	294	0	0	427	0	1807	8.687E-280	855
NODE_7_length_24536_cov_27.435618	M1WCF7	0.689	54	11	0	0	36	0	54	8.832E-18	77
NODE_7_length_24536_cov_27.435618	A0A2I1C3T1	0.942	201	11	0	0	197	0	201	1.645E-126	400
NODE_7_length_24536_cov_27.435618	M1WCF7	0.664	150	31	0	0	93	0	150	2.632E-59	200
NODE_7_length_24536_cov_27.435618	A0A2I1C3T1	0.340	265	44	0	0	67	0	265	1.852E-41	147
NODE_7_length_24536_cov_27.435618	M3ANL0	0.505	313	72	0	0	146	0	313	2.181E-91	295
NODE_7_length_24536_cov_27.435618	A0A411PQN6	0.911	115	10	0	0	115	0	115	2.988E-66	221
NODE_7_length_24536_cov_27.435618	M3A326	0.974	98	3	0	0	98	0	98	1.957E-60	203
NODE_7_length_24536_cov_27.435618	A0A411PQN6	0.536	225	52	0	0	112	0	225	1.802E-69	230
NODE_7_length_24536_cov_27.435618	A0A411PQN6	0.234	260	27	0	0	36	0	260	2.476E-18	79
NODE_8_length_21749_cov_27.978540	P54423	0.211	562	53	0	0	68	0	562	3.575E-37	135
NODE_9_length_21427_cov_28.933662	O42917	0.952	567	27	0	0	562	0	567	0.000E+00	1135
NODE_12_length_17015_cov_30.665502	Q5B6C7	0.860	108	12	0	0	86	0	108	1.134E-57	195
NODE_12_length_17015_cov_30.665502	B0Y8M8	0.680	348	75	0	0	234	0	348	3.171E-151	473
NODE_12_length_17015_cov_30.665502	A1CA51	0.627	838	188	0	0	505	0	838	0.000E+00	1030
NODE_13_length_16829_cov_154.689319	P05510	0.242	278	34	0	0	46	0	278	1.093E-21	89
NODE_13_length_16829_cov_154.689319	P15956	0.889	118	13	0	0	118	0	118	4.739E-66	221
NODE_13_length_16829_cov_154.689319	Q6QU67	0.543	593	143	0	0	314	0	593	4.239E-197	610
NODE_13_length_16829_cov_154.689319	P00422	0.416	106	23	0	0	41	0	106	9.099E-19	80
NODE_13_length_16829_cov_154.689319	P00421	0.490	226	52	0	0	102	0	226	1.900E-61	207
NODE_13_length_16829_cov_154.689319	P15578	0.762	218	42	0	0	179	0	218	3.420E-106	340
NODE_13_length_16829_cov_154.689319	P15578	0.405	494	111	0	0	187	0	494	1.706E-108	347
NODE_13_length_16829_cov_154.689319	P14862	0.698	257	57	0	0	191	0	257	3.303E-113	361
NODE_13_length_16829_cov_154.689319	P03913	0.846	101	15	0	0	98	0	101	6.387E-52	179
NODE_13_length_16829_cov_154.689319	P0CY44	0.448	277	68	0	0	125	0	277	2.818E-67	225
NODE_13_length_16829_cov_154.689319	P15582	0.510	517	125	0	0	256	0	517	1.743E-157	492
NODE_13_length_16829_cov_154.689319	Q01562	0.814	89	16	0	0	89	0	89	1.703E-42	151
NODE_13_length_16829_cov_154.689319	Q6V9D9	0.894	63	7	0	0	63	0	63	4.704E-32	120
NODE_13_length_16829_cov_154.689319	Q01561	0.480	139	33	0	0	64	0	139	8.039E-34	125
NODE_13_length_16829_cov_154.689319	Q8HHD2	0.254	186	23	0	0	32	0	186	3.810E-14	66
NODE_13_length_16829_cov_154.689319	Q8SHP7	0.265	231	32	0	0	44	0	231	3.502E-21	87
NODE_14_length_16317_cov_27.833725	O00418	0.658	323	67	0	0	196	0	323	1.776E-134	422
NODE_4246_length_548_cov_10.408551	O94550	0.499	80	16	0	0	33	0	80	7.491E-18	77
NODE_2228_length_1061_cov_6.330835	O07931	0.943	110	6	0	0	104	0	110	4.508E-66	220
NODE_2262_length_1042_cov_8.432787	Q4WI16	0.498	501	117	0	0	235	0	501	8.816E-148	463
NODE_2391_length_984_cov_16.906651	Q8HHD3	0.413	78	18	0	0	31	0	78	1.113E-11	59
NODE_2393_length_984_cov_11.081680	P51862	0.423	648	139	0	0	242	0	648	8.440E-154	481
NODE_3103_length_740_cov_13.053834	D4B0V1	0.711	308	60	0	0	210	0	308	9.202E-141	441
NODE_3108_length_739_cov_10.908497	Q5ZNB1	0.746	299	56	0	0	221	0	299	8.804E-145	454
NODE_3164_length_727_cov_15.236667	Q9P6Q3	0.569	382	85	0	0	199	0	382	6.587E-133	418
NODE_3167_length_726_cov_17.370618	Q5B5W2	0.671	219	48	0	0	148	0	219	6.189E-91	294
NODE_177_length_5350_cov_27.940073	Q8R151	0.186	648	46	0	0	58	0	648	6.319E-31	116
NODE_182_length_5276_cov_28.545154	Q9URY4	0.740	388	73	0	0	283	0	388	3.780E-188	582
NODE_184_length_5262_cov_21.957157	P41391	0.938	332	20	0	0	329	0	332	2.134E-212	655
NODE_184_length_5262_cov_21.957157	Q12001	0.866	195	21	0	0	160	0	195	5.672E-111	353
NODE_189_length_5239_cov_23.941510	B2WBW4	0.692	175	38	0	0	123	0	175	3.536E-74	244
NODE_198_length_5157_cov_27.491054	G0R6T3	0.938	387	23	0	0	373	0	387	7.281E-249	763
NODE_198_length_5157_cov_27.491054	G0R6T3	0.393	571	108	0	0	179	0	571	1.537E-121	384
NODE_203_length_5128_cov_22.379324	D4B1N9	0.892	183	18	0	0	168	0	183	4.182E-107	342
NODE_203_length_5128_cov_22.379324	D4B1N9	0.313	233	35	0	0	52	0	233	1.200E-30	115
NODE_203_length_5128_cov_22.379324	D4B1N9	0.627	564	123	0	0	332	0	564	9.484E-226	694
NODE_208_length_5075_cov_27.228779	Q4WR83	0.821	570	83	0	0	467	0	570	9.725E-317	964
NODE_212_length_4983_cov_22.101936	Q2UP89	0.858	539	64	0	0	452	0	539	2.113E-315	959
NODE_212_length_4983_cov_22.101936	Q00808	0.940	241	13	0	0	219	0	241	4.843E-153	477
NODE_236_length_4717_cov_29.636819	W7LUF3	0.940	424	24	0	0	406	0	424	3.414E-274	838
NODE_248_length_4623_cov_24.359653	Q00808	0.729	241	45	0	0	166	0	241	3.226E-112	357
NODE_4943_length_477_cov_19.508571	Q00258	0.248	376	43	0	0	58	0	376	8.122E-34	124
NODE_4955_length_477_cov_1.340000	Q9Y7K2	0.217	1173	114	0	0	146	0	1173	1.057E-90	293
NODE_4956_length_477_cov_0.722857	B0K5A3	0.487	247	58	0	0	114	0	247	5.864E-67	223
NODE_4959_length_477_cov_0.177143	C4ZHH4	0.948	75	4	0	0	75	0	75	6.206E-43	152
NODE_4967_length_476_cov_9.965616	A2R6M7	0.977	105	2	0	0	99	0	105	1.248E-65	218
NODE_4985_length_475_cov_10.948276	E9F8L9	0.272	211	26	0	0	37	0	211	4.198E-20	84
NODE_4989_length_475_cov_0.500000	Q8X7Z7	1.000	19	0	0	0	19	0	19	1.913E-06	44
NODE_4990_length_475_cov_0.428161	Q9CLI9	0.883	108	11	0	0	91	0	108	1.266E-59	201
NODE_4992_length_474_cov_19.187320	P53327	0.190	1675	120	0	0	149	0	1675	1.416E-95	308
NODE_5042_length_470_cov_4.373178	A1D3E2	0.312	657	108	0	0	158	0	657	7.431E-98	315
NODE_1387_length_1678_cov_13.674404	P32921	0.413	472	97	0	0	166	0	472	1.343E-106	340
NODE_1393_length_1673_cov_26.730918	P35134	0.711	146	28	0	0	99	0	146	5.064E-63	211
NODE_1408_length_1655_cov_22.778796	Q12558	0.353	685	123	0	0	191	0	685	7.469E-125	394
NODE_1408_length_1655_cov_22.778796	P56526	0.189	746	49	0	0	61	0	746	1.447E-38	138
NODE_1408_length_1655_cov_22.778796	P56526	0.251	884	105	0	0	141	0	884	6.059E-91	294
NODE_1423_length_1642_cov_25.267327	F1DBB3	0.814	294	44	0	0	238	0	294	2.898E-158	494
NODE_1476_length_1582_cov_22.054296	A0A1U8QFC3	0.220	552	51	0	0	67	0	552	2.332E-40	144
NODE_1478_length_1580_cov_17.821748	I1RNL0	0.515	461	98	0	0	203	0	461	7.241E-142	444
NODE_1478_length_1580_cov_17.821748	I1RNL0	0.199	498	38	0	0	49	0	498	2.074E-27	106
NODE_1492_length_1570_cov_14.442827	P38880	0.802	562	89	0	0	449	0	562	1.074E-303	925
NODE_1498_length_1566_cov_15.193190	Q70DX9	0.170	489	25	0	0	31	0	489	2.054E-15	70
NODE_1498_length_1566_cov_15.193190	Q70DX9	0.293	624	91	0	0	130	0	624	2.334E-83	271
NODE_1503_length_1562_cov_25.928920	Q04894	0.717	60	10	0	0	36	0	60	4.656E-22	89
NODE_1503_length_1562_cov_25.928920	O49482	0.602	121	25	0	0	63	0	121	1.386E-40	144
NODE_1525_length_1536_cov_16.644429	Q10138	0.414	414	83	0	0	142	0	414	4.069E-93	300
NODE_5969_length_406_cov_3.222222	Q0ZHI9	0.339	126	20	0	0	31	0	126	5.754E-16	72
NODE_5986_length_405_cov_4.194245	P24917	0.434	373	75	0	0	134	0	373	3.590E-89	288
NODE_3226_length_715_cov_0.275510	A7MQE3	0.957	45	2	0	0	44	0	45	4.105E-23	93
NODE_3240_length_711_cov_9.320205	Q10258	0.436	496	99	0	0	177	0	496	1.018E-121	385
NODE_3240_length_711_cov_9.320205	Q9WU20	0.139	569	12	0	0	15	0	569	6.839E-05	39
NODE_3273_length_704_cov_22.512998	Q9Z7S9	0.226	142	14	0	0	19	0	142	4.986E-06	42
NODE_3274_length_704_cov_19.455806	P0CU76	0.965	57	2	0	0	57	0	57	1.230E-31	118
NODE_3295_length_699_cov_23.954545	Q9C284	0.499	524	115	0	0	230	0	524	2.043E-155	485
NODE_4604_length_510_cov_2.637076	C5GAC6	0.533	293	67	0	0	145	0	293	1.105E-91	296
NODE_4624_length_508_cov_5.469816	B6H5X9	0.143	933	24	0	0	29	0	933	1.837E-15	70
NODE_1947_length_1210_cov_20.807018	B8NUK6	0.342	512	86	0	0	132	0	512	2.709E-87	283
NODE_1947_length_1210_cov_20.807018	E9QY26	0.290	356	51	0	0	73	0	356	1.153E-43	154
NODE_1959_length_1203_cov_15.831784	E5DG73	0.386	505	103	0	0	169	0	505	1.605E-103	332
NODE_1968_length_1197_cov_10.567290	Q5BGR2	0.664	627	133	0	0	398	0	627	2.990E-270	826
NODE_1971_length_1196_cov_19.296539	Q09740	1.000	46	0	0	0	46	0	46	1.633E-26	103
NODE_1990_length_1183_cov_29.884470	O57382	0.238	266	24	0	0	33	0	266	6.370E-20	83
NODE_2000_length_1179_cov_18.254753	Q0P410	0.353	115	17	0	0	28	0	115	2.386E-15	70
NODE_2148_length_1102_cov_13.346667	Q5B0F4	0.343	551	98	0	0	150	0	551	7.201E-95	306
NODE_2148_length_1102_cov_13.346667	B8NMR5	0.177	627	36	0	0	45	0	627	5.083E-25	98
NODE_2158_length_1096_cov_8.480908	Q9UR24	0.594	451	100	0	0	247	0	451	4.065E-167	520
NODE_2162_length_1094_cov_10.074457	G4N7X0	0.520	465	107	0	0	223	0	465	9.680E-145	454
NODE_2182_length_1084_cov_25.467085	Q4WFQ4	0.174	1413	79	0	0	97	0	1413	5.754E-62	208
NODE_411_length_3743_cov_26.466538	Q9C8K2	0.445	215	47	0	0	86	0	215	2.966E-50	173
NODE_418_length_3715_cov_23.722965	Q9C3Y4	0.622	98	21	0	0	57	0	98	5.166E-33	122
NODE_418_length_3715_cov_23.722965	Q9C3Y4	0.325	188	33	0	0	50	0	188	4.812E-25	99
NODE_429_length_3684_cov_25.713804	Q5AUN2	0.260	349	46	0	0	63	0	349	2.953E-34	126
NODE_429_length_3684_cov_25.713804	Q5AUN2	0.417	610	126	0	0	217	0	610	5.478E-142	445
NODE_443_length_3616_cov_25.615936	D4AX63	0.810	174	27	0	0	143	0	174	4.436E-90	291
NODE_463_length_3529_cov_22.380952	Q03028	0.238	308	33	0	0	44	0	308	6.109E-24	95
NODE_472_length_3500_cov_27.687222	A7BHQ9	0.588	103	19	0	0	48	0	103	2.168E-32	120
NODE_482_length_3466_cov_17.260258	Q5B998	0.643	368	85	0	0	240	0	368	2.537E-149	468
NODE_489_length_3429_cov_24.490915	A0A3B1EFP9	0.730	116	22	0	0	81	0	116	2.312E-50	173
NODE_489_length_3429_cov_24.490915	Q47944	0.608	372	83	0	0	214	0	372	1.113E-140	441
NODE_490_length_3429_cov_19.897032	Q4IN63	0.317	255	42	0	0	63	0	255	8.313E-35	128
NODE_4472_length_522_cov_20.739241	D4B5N6	0.553	96	25	0	0	56	0	96	1.061E-26	104
NODE_4478_length_522_cov_3.908861	P30316	0.455	433	91	0	0	168	0	433	6.675E-112	356
NODE_5709_length_421_cov_20.241497	Q7MZE1	0.839	149	21	0	0	134	0	149	1.960E-79	260
NODE_5731_length_420_cov_5.259386	A7EYY7	0.328	436	92	0	0	138	0	436	1.078E-67	227
NODE_5767_length_418_cov_0.323024	O83668	0.503	302	68	0	0	138	0	302	1.926E-87	284
NODE_5773_length_417_cov_13.600000	P22589	0.537	148	35	0	0	76	0	148	2.524E-43	153
NODE_5775_length_417_cov_10.510345	Q9HEV5	0.518	67	14	0	0	31	0	67	1.008E-14	68
NODE_2501_length_937_cov_5.516049	P72231	0.814	49	7	0	0	38	0	49	2.347E-20	85
NODE_2514_length_932_cov_10.667081	D4B093	0.328	602	97	0	0	146	0	602	3.803E-97	312
NODE_263_length_4525_cov_24.042065	A0A384XR80	0.854	412	50	0	0	344	0	412	4.266E-238	730
NODE_266_length_4480_cov_19.990351	O74782	0.647	305	71	0	0	201	0	305	2.054E-123	391
NODE_285_length_4344_cov_29.829263	Q00808	0.704	229	44	0	0	150	0	229	1.006E-101	325
NODE_311_length_4180_cov_22.253886	Q5B8A1	0.438	427	93	0	0	166	0	427	2.871E-104	334
NODE_315_length_4167_cov_29.516337	P0DUQ0	0.963	107	4	0	0	96	0	107	5.717E-66	219
NODE_315_length_4167_cov_29.516337	A0A336U966	0.560	355	74	0	0	170	0	355	1.244E-120	381
NODE_318_length_4156_cov_21.889799	Q9UV10	0.969	680	20	0	0	662	0	680	0.000E+00	1388
NODE_333_length_4096_cov_27.805996	C5GVJ9	0.492	473	104	0	0	206	0	473	5.209E-137	430
NODE_335_length_4092_cov_27.655233	Q9LQV2	0.444	910	193	0	0	348	0	910	9.921E-235	721
NODE_342_length_4040_cov_28.960133	Q9Y7Q9	0.671	191	40	0	0	122	0	191	1.372E-78	257
NODE_342_length_4040_cov_28.960133	Q09852	0.598	446	102	0	0	254	0	446	1.998E-166	518
NODE_342_length_4040_cov_28.960133	Q09852	0.262	537	66	0	0	91	0	537	3.753E-57	194
NODE_367_length_3925_cov_25.097683	O14187	0.153	1473	58	0	0	69	0	1473	1.880E-40	144
NODE_367_length_3925_cov_25.097683	P33334	0.134	1558	29	0	0	34	0	1558	8.552E-19	80
NODE_5048_length_469_cov_11.576023	Q4WD46	0.206	571	52	0	0	67	0	571	1.108E-35	130
NODE_5080_length_467_cov_0.417647	Q8AA75	0.337	536	91	0	0	139	0	536	1.773E-89	289
NODE_5082_length_466_cov_21.386431	Q92411	1.000	42	0	0	0	42	0	42	3.690E-23	93
NODE_5094_length_465_cov_0.692308	P83847	0.565	273	64	0	0	147	0	273	4.720E-92	297
NODE_5151_length_461_cov_18.251497	Q12553	0.167	1363	71	0	0	86	0	1363	1.254E-51	177
NODE_5156_length_461_cov_3.452096	O74801	0.863	56	7	0	0	49	0	56	1.912E-26	103
NODE_5160_length_461_cov_0.658683	P19543	0.502	341	75	0	0	152	0	341	1.730E-99	319
NODE_5171_length_460_cov_0.486486	P39583	0.501	209	47	0	0	96	0	209	5.253E-58	196
NODE_5202_length_457_cov_10.327273	Q4WVD9	0.359	438	85	0	0	134	0	438	1.960E-79	260
NODE_5207_length_457_cov_4.687879	P80402	0.264	236	27	0	0	38	0	236	7.128E-22	89
NODE_5207_length_457_cov_4.687879	P0CT50	0.365	316	52	0	0	83	0	316	2.520E-57	194
NODE_1827_length_1280_cov_18.549870	Q9D6R2	0.308	365	56	0	0	82	0	365	3.335E-50	173
NODE_1839_length_1274_cov_26.418483	G9NNY7	0.180	560	35	0	0	44	0	560	5.639E-23	93
NODE_1844_length_1270_cov_14.769029	D4AMT2	0.287	697	93	0	0	132	0	697	1.899E-90	292
NODE_1844_length_1270_cov_14.769029	D4AMT2	0.224	790	73	0	0	95	0	790	3.029E-63	211
NODE_1889_length_1240_cov_9.247080	M3A326	0.194	1272	93	0	0	117	0	1272	3.969E-75	247
NODE_1889_length_1240_cov_9.247080	M3A326	0.165	1354	67	0	0	81	0	1354	1.030E-48	169
NODE_1889_length_1240_cov_9.247080	A0A411PQP9	0.162	1462	70	0	0	84	0	1462	1.957E-50	174
NODE_2032_length_1164_cov_11.129219	P56399	0.577	741	169	0	0	400	0	741	1.051E-268	822
NODE_2037_length_1161_cov_11.054159	Q4WJJ0	0.193	503	33	0	0	42	0	503	1.218E-25	100
NODE_2066_length_1141_cov_12.948718	Q9P7W5	0.455	318	69	0	0	128	0	318	2.206E-80	263
NODE_2069_length_1139_cov_23.116601	P53312	0.530	424	98	0	0	209	0	424	9.342E-135	424
NODE_2405_length_978_cov_22.185664	Q9UTM2	0.193	748	54	0	0	68	0	748	2.673E-41	147
NODE_4643_length_506_cov_0.229551	C4ZB99	0.830	132	19	0	0	115	0	132	1.012E-68	228
NODE_4661_length_504_cov_18.718833	Q00808	0.407	241	48	0	0	82	0	241	6.280E-50	172
NODE_4810_length_491_cov_0.508242	Q3YVN9	0.927	113	8	0	0	113	0	113	1.977E-66	222
NODE_4818_length_489_cov_8.767956	O13810	0.745	214	41	0	0	162	0	214	2.456E-101	325
NODE_4819_length_489_cov_8.185083	Q2UGQ8	0.326	552	99	0	0	148	0	552	2.272E-87	284
NODE_4827_length_488_cov_15.509695	E9QY26	0.582	279	63	0	0	151	0	279	3.873E-98	315
NODE_4840_length_487_cov_0.541667	Q9CLI9	0.855	95	11	0	0	78	0	95	1.823E-49	171
NODE_4848_length_485_cov_27.117318	O42709	0.431	361	73	0	0	130	0	361	2.805E-85	277
NODE_4875_length_483_cov_15.396067	Q38961	0.437	252	51	0	0	91	0	252	1.158E-58	198
NODE_4884_length_482_cov_16.918310	Q1DXS8	0.407	424	83	0	0	141	0	424	3.877E-93	300
NODE_4171_length_555_cov_7.937209	Q9C270	0.349	650	119	0	0	184	0	650	8.100E-116	368
NODE_4176_length_556_cov_14.727273	Q5AXT6	0.503	347	84	0	0	171	0	347	2.007E-101	326
NODE_4189_length_555_cov_2.574766	P78774	0.500	291	65	0	0	130	0	291	2.334E-83	271
NODE_4189_length_555_cov_2.574766	P78774	0.467	135	27	0	0	52	0	135	1.790E-31	117
NODE_4506_length_519_cov_14.533163	Q9LF46	0.184	435	29	0	0	37	0	435	9.327E-18	77
NODE_4507_length_519_cov_13.283163	Q0USG2	0.194	433	31	0	0	40	0	433	2.828E-21	87
NODE_4509_length_519_cov_11.556122	O75643	0.314	524	83	0	0	122	0	524	1.252E-77	254
NODE_4533_length_516_cov_18.151671	Q9P7W2	0.780	188	31	0	0	140	0	188	1.432E-93	301
NODE_4540_length_516_cov_0.231362	P0ABJ0	0.945	151	8	0	0	151	0	151	1.775E-93	302
NODE_4555_length_514_cov_16.103359	Q9JJL8	0.335	456	76	0	0	116	0	456	2.516E-74	244
NODE_4556_length_514_cov_15.054264	Q0CNX5	0.346	606	107	0	0	165	0	606	1.755E-106	340
NODE_4565_length_514_cov_0.379845	P02382	0.695	147	32	0	0	107	0	147	1.768E-61	207
NODE_4583_length_512_cov_6.992208	Q4WBR0	0.152	536	20	0	0	24	0	536	8.881E-10	53
NODE_4593_length_511_cov_5.156250	Q4H425	0.326	296	53	0	0	80	0	296	1.636E-43	154
NODE_4593_length_511_cov_5.156250	A7NG78	0.495	167	36	0	0	73	0	167	3.250E-44	155
NODE_4715_length_499_cov_10.857527	O42643	0.426	420	92	0	0	162	0	420	2.546E-98	316
NODE_4742_length_497_cov_8.654054	B1KG87	0.481	119	59	0	0	119	0	115	8.925E-27	108
NODE_4745_length_497_cov_0.254054	P0CF07	0.988	91	1	0	0	91	0	91	1.330E-56	192
NODE_4745_length_497_cov_0.254054	P0CF25	1.000	75	0	0	0	75	0	75	5.092E-48	166
NODE_4776_length_494_cov_1.160763	A0A089FNE5	0.604	104	23	0	0	60	0	104	6.555E-34	125
NODE_4925_length_479_cov_0.397727	Q9Y767	0.276	726	96	0	0	134	0	726	2.387E-88	286
NODE_4942_length_477_cov_23.288571	B2WCU2	0.378	502	98	0	0	158	0	502	8.953E-100	320
NODE_6045_length_402_cov_3.403636	Q4WUS1	0.214	940	88	0	0	113	0	940	1.892E-69	230
NODE_6047_length_402_cov_2.309091	P38281	0.331	268	43	0	0	65	0	268	3.969E-40	143
NODE_6072_length_400_cov_9.065934	P39522	0.324	527	89	0	0	133	0	527	3.376E-82	268
NODE_6075_length_400_cov_3.520147	O14091	0.378	353	68	0	0	110	0	353	3.852E-68	226
NODE_6076_length_400_cov_3.347985	A0A0A2J5V5	0.239	359	38	0	0	51	0	359	1.439E-29	112
NODE_6092_length_399_cov_15.444853	O18498	0.291	528	77	0	0	110	0	528	2.808E-68	227
NODE_6117_length_250_cov_17.195122	P05510	0.172	631	36	0	0	44	0	631	5.639E-23	93
NODE_3510_length_657_cov_4.571698	D4AKL6	0.346	209	35	0	0	55	0	209	3.121E-32	120
NODE_3510_length_657_cov_4.571698	D4B179	0.599	121	26	0	0	65	0	121	2.891E-40	143
NODE_3542_length_651_cov_9.248092	P39524	0.449	497	112	0	0	204	0	497	4.737E-127	402
NODE_3578_length_644_cov_14.717602	Q925U4	0.328	586	93	0	0	140	0	586	2.954E-94	303
