NODE_1_length_26201_cov_652.059868	Q6X9S4	1.000	29	0	0	0	29	0	29	3.220E-14	66
NODE_1_length_26201_cov_652.059868	P19041	0.312	180	34	0	0	51	0	180	1.420E-21	89
NODE_1_length_26201_cov_652.059868	P08774	0.305	242	41	0	0	60	0	242	2.488E-30	115
NODE_1_length_26201_cov_652.059868	P03913	0.846	101	15	0	0	98	0	101	6.387E-52	179
NODE_1_length_26201_cov_652.059868	P0CY44	0.448	277	68	0	0	125	0	277	2.818E-67	225
NODE_1_length_26201_cov_652.059868	P15582	0.510	517	125	0	0	256	0	517	1.743E-157	492
NODE_1_length_26201_cov_652.059868	Q01562	0.814	89	16	0	0	89	0	89	1.703E-42	151
NODE_1_length_26201_cov_652.059868	Q6V9D9	0.894	63	7	0	0	63	0	63	4.704E-32	120
NODE_1_length_26201_cov_652.059868	Q01561	0.480	139	33	0	0	64	0	139	8.039E-34	125
NODE_1_length_26201_cov_652.059868	Q8HHD2	0.254	186	23	0	0	32	0	186	3.810E-14	66
NODE_1_length_26201_cov_652.059868	Q8SHP7	0.265	231	32	0	0	44	0	231	3.502E-21	87
NODE_1_length_26201_cov_652.059868	O48334	0.615	75	17	0	0	45	0	75	4.328E-23	93
NODE_1_length_26201_cov_652.059868	Q35128	0.395	113	22	0	0	37	0	113	1.384E-18	79
NODE_1_length_26201_cov_652.059868	Q6X9S4	0.434	273	60	0	0	107	0	273	2.117E-63	213
NODE_1_length_26201_cov_652.059868	Q6X9S4	0.337	382	71	0	0	108	0	382	1.856E-61	207
NODE_1_length_26201_cov_652.059868	P00411	0.667	51	11	0	0	33	0	51	1.670E-15	70
NODE_1_length_26201_cov_652.059868	P00411	0.406	83	17	0	0	30	0	83	1.555E-12	62
NODE_1_length_26201_cov_652.059868	P13588	0.361	122	24	0	0	38	0	122	2.557E-17	76
NODE_1_length_26201_cov_652.059868	P00411	0.524	245	57	0	0	120	0	245	7.886E-74	243
NODE_1_length_26201_cov_652.059868	P19041	0.882	103	12	0	0	103	0	103	4.511E-56	191
NODE_1_length_26201_cov_652.059868	P05510	0.242	278	34	0	0	46	0	278	1.093E-21	89
NODE_1_length_26201_cov_652.059868	Q6QU67	0.570	650	159	0	0	371	0	650	7.663E-231	711
NODE_1_length_26201_cov_652.059868	Q01554	0.851	74	11	0	0	74	0	74	2.354E-36	133
NODE_1_length_26201_cov_652.059868	P00402	0.670	142	32	0	0	97	0	142	2.452E-56	192
NODE_1_length_26201_cov_652.059868	P00402	0.332	225	39	0	0	59	0	225	1.079E-32	121
NODE_1_length_26201_cov_652.059868	P00402	0.254	275	36	0	0	49	0	275	4.214E-24	96
NODE_1_length_26201_cov_652.059868	P03945	0.252	292	37	0	0	50	0	292	1.352E-25	100
NODE_1_length_26201_cov_652.059868	Q01555	0.155	302	11	0	0	14	0	302	2.144E-03	34
NODE_1_length_26201_cov_652.059868	P20681	0.180	455	27	0	0	34	0	455	2.055E-17	76
NODE_1_length_26201_cov_652.059868	P00422	0.416	106	23	0	0	41	0	106	9.099E-19	80
NODE_1_length_26201_cov_652.059868	P00421	0.490	226	52	0	0	102	0	226	1.900E-61	207
NODE_1_length_26201_cov_652.059868	P15578	0.762	218	42	0	0	179	0	218	3.420E-106	340
NODE_1_length_26201_cov_652.059868	P15578	0.405	494	111	0	0	187	0	494	1.706E-108	347
NODE_1_length_26201_cov_652.059868	P15956	0.889	118	13	0	0	118	0	118	4.739E-66	221
NODE_1_length_26201_cov_652.059868	P14862	0.698	257	57	0	0	191	0	257	3.303E-113	361
NODE_3_length_1247_cov_0.455357	Q3BAI2	0.979	63	1	0	0	62	0	63	1.764E-36	132
NODE_11_length_478_cov_0.421652	P38939	0.224	877	88	0	0	114	0	877	4.482E-71	235
NODE_19_length_443_cov_0.151899	Q8G6V2	0.516	316	71	0	0	147	0	316	2.418E-95	307
NODE_22_length_423_cov_0.591216	P00421	0.416	226	48	0	0	83	0	226	5.537E-48	167
NODE_24_length_423_cov_0.283784	P06107	1.000	80	0	0	0	79	0	80	5.405E-50	172
